39 , 43 , 4 , 1 , 3 , 0 , pos
39 , 29 , 4 , 3 , 2 , 3 , pos
35 , 24 , 2 , 0 , 7 , 2 , pos
63 , 49 , 0 , 0 , 0 , 0 , pos
23 , 31 , 1 , 0 , 3 , 0 , pos
70 , 34 , 2 , 0 , 1 , 0 , pos
53 , 44 , 1 , 3 , 4 , 8 , pos
49 , 16 , 1 , 0 , 3 , 2 , pos
15 , 19 , 2 , 2 , 0 , 2 , pos
34 , 24 , 0 , 3 , 0 , 0 , pos
44 , 46 , 1 , 3 , 4 , 0 , pos
67 , 38 , 0 , 0 , 8 , 1 , pos
31 , 12 , 3 , 0 , 2 , 3 , pos
15 , 16 , 0 , 4 , 1 , 0 , pos
58 , 46 , 0 , 3 , 2 , 0 , pos
43 , 21 , 4 , 3 , 1 , 2 , pos
18 , 12 , 1 , 0 , 2 , 0 , pos
56 , 34 , 3 , 3 , 3 , 1 , pos
35 , 26 , 0 , 0 , 3 , 0 , pos
29 , 20 , 2 , 0 , 1 , 2 , pos
18 , 10 , 0 , 0 , 0 , 0 , pos
53 , 31 , 2 , 3 , 5 , 0 , pos
32 , 18 , 0 , 0 , 0 , 1 , pos
64 , 42 , 3 , 0 , 4 , 1 , pos
43 , 54 , 0 , 1 , 0 , 2 , pos
44 , 26 , 1 , 2 , 0 , 0 , pos
38 , 17 , 1 , 0 , 0 , 0 , pos
91 , 52 , 8 , 2 , 6 , 0 , pos
65 , 41 , 6 , 2 , 0 , 0 , pos
61 , 44 , 0 , 0 , 1 , 0 , pos
73 , 50 , 1 , 1 , 1 , 3 , pos
66 , 58 , 0 , 0 , 0 , 0 , pos
47 , 43 , 3 , 0 , 4 , 2 , pos
68 , 72 , 2 , 0 , 3 , 3 , pos
34 , 22 , 0 , 1 , 1 , 2 , pos
49 , 11 , 0 , 0 , 3 , 2 , pos
27 , 19 , 0 , 0 , 0 , 0 , pos
62 , 39 , 0 , 0 , 0 , 0 , pos
31 , 13 , 0 , 0 , 1 , 0 , pos
49 , 20 , 0 , 0 , 3 , 3 , pos
52 , 21 , 1 , 0 , 5 , 1 , pos
56 , 58 , 1 , 0 , 3 , 0 , pos
61 , 23 , 4 , 0 , 1 , 0 , pos
41 , 19 , 1 , 0 , 7 , 2 , pos
56 , 16 , 3 , 1 , 0 , 0 , pos
48 , 34 , 0 , 0 , 5 , 0 , pos
48 , 52 , 0 , 0 , 3 , 3 , pos
35 , 35 , 0 , 2 , 1 , 0 , pos
44 , 9 , 2 , 1 , 2 , 1 , pos
17 , 13 , 0 , 2 , 3 , 0 , pos
21 , 16 , 0 , 0 , 3 , 0 , pos
59 , 28 , 0 , 0 , 6 , 0 , pos
36 , 11 , 0 , 0 , 2 , 0 , pos
50 , 61 , 2 , 4 , 5 , 0 , pos
33 , 20 , 1 , 3 , 0 , 0 , pos
54 , 19 , 2 , 2 , 2 , 0 , pos
25 , 17 , 1 , 2 , 0 , 0 , pos
12 , 3 , 1 , 1 , 1 , 0 , pos
14 , 15 , 3 , 0 , 1 , 4 , pos
45 , 44 , 0 , 2 , 0 , 3 , pos
66 , 36 , 2 , 0 , 4 , 4 , pos
42 , 26 , 1 , 0 , 0 , 0 , pos
64 , 49 , 1 , 2 , 4 , 0 , pos
17 , 23 , 0 , 0 , 2 , 0 , pos
41 , 40 , 0 , 0 , 2 , 6 , pos
47 , 52 , 1 , 0 , 0 , 0 , pos
27 , 22 , 2 , 0 , 6 , 6 , pos
41 , 37 , 1 , 2 , 1 , 3 , pos
41 , 25 , 2 , 1 , 6 , 4 , pos
52 , 35 , 2 , 8 , 1 , 0 , pos
43 , 38 , 5 , 1 , 5 , 1 , pos
55 , 25 , 2 , 1 , 5 , 0 , pos
47 , 27 , 2 , 1 , 5 , 1 , pos
50 , 29 , 0 , 0 , 2 , 2 , pos
77 , 45 , 0 , 0 , 0 , 0 , pos
17 , 12 , 2 , 0 , 1 , 0 , pos
67 , 52 , 1 , 0 , 0 , 0 , pos
36 , 22 , 5 , 0 , 0 , 0 , pos
36 , 19 , 1 , 1 , 0 , 0 , pos
19 , 32 , 2 , 2 , 0 , 0 , pos
26 , 22 , 3 , 0 , 0 , 0 , pos
57 , 22 , 0 , 0 , 4 , 0 , pos
27 , 17 , 0 , 0 , 0 , 0 , pos
76 , 30 , 0 , 2 , 10 , 0 , pos
52 , 31 , 2 , 4 , 4 , 3 , pos
36 , 14 , 0 , 1 , 3 , 0 , pos
67 , 37 , 1 , 1 , 3 , 0 , pos
55 , 36 , 0 , 3 , 4 , 0 , pos
59 , 38 , 8 , 5 , 2 , 3 , pos
36 , 18 , 4 , 2 , 2 , 0 , pos
13 , 17 , 2 , 4 , 0 , 0 , pos
29 , 29 , 1 , 0 , 3 , 1 , pos
40 , 46 , 0 , 1 , 9 , 2 , pos
30 , 16 , 2 , 1 , 0 , 0 , pos
72 , 19 , 4 , 1 , 0 , 1 , pos
37 , 32 , 0 , 2 , 3 , 0 , pos
50 , 33 , 3 , 5 , 3 , 2 , pos
39 , 39 , 0 , 3 , 0 , 3 , pos
17 , 29 , 0 , 1 , 1 , 3 , pos
56 , 57 , 0 , 1 , 0 , 1 , pos
49 , 27 , 1 , 5 , 5 , 2 , pos
57 , 44 , 0 , 0 , 9 , 0 , pos
52 , 28 , 1 , 1 , 0 , 0 , pos
47 , 28 , 4 , 0 , 0 , 0 , pos
27 , 28 , 1 , 1 , 0 , 0 , pos
73 , 71 , 0 , 4 , 0 , 0 , pos
44 , 48 , 4 , 1 , 2 , 2 , pos
28 , 42 , 0 , 4 , 1 , 5 , pos
25 , 17 , 1 , 3 , 1 , 3 , pos
44 , 59 , 3 , 3 , 5 , 4 , pos
64 , 40 , 0 , 2 , 1 , 2 , pos
19 , 8 , 3 , 0 , 0 , 0 , pos
53 , 51 , 2 , 0 , 1 , 2 , pos
43 , 35 , 0 , 5 , 6 , 0 , pos
17 , 13 , 2 , 3 , 2 , 1 , pos
85 , 52 , 0 , 0 , 0 , 3 , pos
49 , 32 , 0 , 0 , 0 , 1 , pos
43 , 36 , 8 , 0 , 7 , 0 , pos
37 , 30 , 0 , 1 , 0 , 3 , pos
29 , 18 , 0 , 2 , 1 , 2 , pos
75 , 38 , 1 , 3 , 0 , 0 , pos
64 , 29 , 3 , 1 , 6 , 4 , pos
59 , 78 , 0 , 2 , 6 , 3 , pos
81 , 51 , 1 , 0 , 4 , 1 , pos
36 , 21 , 1 , 0 , 5 , 3 , pos
36 , 29 , 2 , 0 , 1 , 0 , pos
51 , 43 , 0 , 0 , 0 , 0 , pos
31 , 33 , 0 , 0 , 2 , 0 , pos
28 , 16 , 2 , 0 , 0 , 1 , pos
48 , 8 , 3 , 1 , 6 , 1 , pos
37 , 19 , 0 , 1 , 8 , 0 , pos
55 , 53 , 3 , 5 , 5 , 5 , pos
24 , 17 , 2 , 1 , 4 , 3 , pos
27 , 31 , 0 , 0 , 1 , 0 , pos
45 , 17 , 1 , 1 , 0 , 0 , pos
33 , 22 , 1 , 2 , 11 , 4 , pos
58 , 45 , 1 , 0 , 0 , 0 , pos
31 , 19 , 0 , 0 , 4 , 4 , pos
32 , 18 , 2 , 0 , 0 , 0 , pos
22 , 25 , 0 , 0 , 2 , 0 , pos
62 , 44 , 0 , 0 , 6 , 0 , pos
46 , 45 , 4 , 4 , 4 , 0 , pos
60 , 21 , 8 , 2 , 5 , 0 , pos
85 , 46 , 6 , 3 , 11 , 2 , pos
51 , 24 , 14 , 2 , 5 , 0 , pos
19 , 14 , 1 , 0 , 0 , 0 , pos
75 , 44 , 0 , 0 , 3 , 4 , pos
45 , 21 , 0 , 1 , 1 , 1 , pos
48 , 31 , 0 , 1 , 0 , 0 , pos
39 , 21 , 2 , 1 , 3 , 0 , pos
44 , 35 , 3 , 5 , 0 , 0 , pos
40 , 18 , 1 , 0 , 1 , 0 , pos
26 , 14 , 0 , 0 , 0 , 0 , pos
48 , 35 , 4 , 0 , 5 , 0 , pos
45 , 19 , 0 , 0 , 0 , 0 , pos
40 , 23 , 2 , 0 , 4 , 1 , pos
30 , 19 , 2 , 0 , 2 , 0 , pos
25 , 17 , 2 , 0 , 2 , 1 , pos
64 , 29 , 1 , 3 , 0 , 0 , pos
35 , 36 , 2 , 0 , 0 , 0 , pos
62 , 22 , 3 , 0 , 3 , 0 , pos
19 , 6 , 0 , 0 , 1 , 0 , pos
87 , 61 , 0 , 0 , 0 , 0 , pos
132 , 51 , 0 , 0 , 5 , 1 , pos
54 , 21 , 0 , 1 , 0 , 0 , pos
45 , 34 , 0 , 2 , 2 , 0 , pos
57 , 28 , 0 , 0 , 5 , 1 , pos
47 , 37 , 1 , 0 , 3 , 0 , pos
40 , 31 , 0 , 2 , 1 , 0 , pos
75 , 58 , 0 , 0 , 6 , 1 , pos
21 , 26 , 0 , 2 , 2 , 0 , pos
47 , 32 , 2 , 0 , 5 , 1 , pos
24 , 34 , 0 , 0 , 1 , 2 , pos
23 , 18 , 8 , 0 , 1 , 0 , pos
37 , 19 , 1 , 1 , 0 , 1 , pos
38 , 26 , 4 , 3 , 4 , 1 , pos
26 , 22 , 0 , 0 , 0 , 0 , pos
50 , 45 , 4 , 0 , 3 , 1 , pos
44 , 25 , 1 , 2 , 0 , 0 , pos
27 , 28 , 2 , 0 , 1 , 0 , pos
40 , 29 , 1 , 0 , 1 , 1 , pos
42 , 22 , 0 , 0 , 3 , 0 , pos
31 , 20 , 3 , 1 , 1 , 0 , pos
42 , 21 , 0 , 0 , 3 , 0 , pos
14 , 19 , 1 , 1 , 1 , 2 , pos
37 , 22 , 3 , 2 , 0 , 2 , pos
51 , 35 , 0 , 0 , 4 , 0 , pos
47 , 29 , 3 , 6 , 1 , 0 , pos
30 , 20 , 0 , 0 , 1 , 0 , pos
28 , 29 , 0 , 1 , 0 , 0 , pos
44 , 28 , 1 , 1 , 5 , 2 , pos
40 , 16 , 2 , 4 , 2 , 1 , pos
42 , 17 , 1 , 1 , 1 , 1 , pos
26 , 17 , 0 , 0 , 1 , 2 , pos
33 , 12 , 3 , 2 , 1 , 0 , pos
45 , 16 , 1 , 0 , 3 , 1 , pos
40 , 27 , 4 , 3 , 2 , 0 , pos
13 , 17 , 0 , 3 , 0 , 1 , pos
24 , 19 , 1 , 0 , 6 , 1 , pos
45 , 29 , 0 , 0 , 0 , 0 , pos
23 , 26 , 1 , 3 , 3 , 0 , pos
44 , 25 , 1 , 0 , 0 , 0 , pos
41 , 48 , 1 , 3 , 3 , 2 , pos
51 , 55 , 0 , 5 , 1 , 3 , pos
38 , 18 , 2 , 0 , 4 , 0 , pos
42 , 18 , 0 , 0 , 0 , 0 , pos
91 , 47 , 2 , 0 , 9 , 0 , pos
29 , 35 , 1 , 2 , 3 , 2 , pos
34 , 33 , 3 , 2 , 0 , 0 , pos
18 , 19 , 0 , 0 , 2 , 0 , pos
25 , 29 , 0 , 0 , 1 , 1 , pos
64 , 48 , 2 , 2 , 1 , 0 , pos
23 , 21 , 0 , 2 , 2 , 1 , pos
16 , 7 , 1 , 0 , 1 , 0 , pos
22 , 26 , 2 , 3 , 2 , 0 , pos
44 , 45 , 2 , 1 , 1 , 0 , pos
43 , 31 , 1 , 3 , 3 , 1 , pos
28 , 9 , 0 , 0 , 1 , 2 , pos
32 , 22 , 0 , 2 , 0 , 0 , pos
40 , 17 , 0 , 0 , 4 , 0 , pos
61 , 46 , 1 , 0 , 4 , 5 , pos
16 , 20 , 5 , 2 , 1 , 1 , pos
29 , 48 , 0 , 1 , 2 , 0 , pos
44 , 23 , 2 , 0 , 0 , 1 , pos
42 , 15 , 0 , 0 , 3 , 0 , pos
21 , 24 , 1 , 1 , 2 , 2 , pos
45 , 37 , 0 , 2 , 8 , 0 , pos
29 , 26 , 4 , 0 , 0 , 0 , pos
32 , 17 , 1 , 1 , 1 , 0 , pos
17 , 10 , 0 , 2 , 5 , 1 , pos
19 , 14 , 6 , 0 , 3 , 0 , pos
82 , 36 , 0 , 0 , 2 , 0 , pos
44 , 25 , 1 , 1 , 0 , 0 , pos
60 , 35 , 0 , 1 , 5 , 2 , pos
46 , 23 , 3 , 0 , 0 , 0 , pos
42 , 11 , 4 , 1 , 3 , 0 , pos
66 , 46 , 0 , 1 , 1 , 1 , pos
20 , 10 , 1 , 0 , 0 , 1 , pos
48 , 33 , 6 , 1 , 2 , 1 , pos
41 , 36 , 1 , 1 , 2 , 0 , pos
55 , 41 , 1 , 0 , 1 , 2 , pos
46 , 55 , 0 , 0 , 0 , 2 , pos
10 , 13 , 0 , 4 , 1 , 1 , pos
52 , 28 , 6 , 5 , 2 , 2 , pos
44 , 27 , 0 , 2 , 0 , 0 , pos
39 , 24 , 2 , 0 , 4 , 0 , pos
54 , 37 , 1 , 0 , 2 , 0 , pos
61 , 37 , 0 , 1 , 4 , 0 , pos
66 , 55 , 0 , 0 , 3 , 0 , pos
23 , 20 , 1 , 0 , 2 , 0 , pos
38 , 63 , 1 , 0 , 0 , 6 , pos
53 , 43 , 1 , 0 , 2 , 0 , pos
75 , 77 , 0 , 0 , 0 , 0 , pos
35 , 12 , 8 , 2 , 10 , 4 , pos
54 , 30 , 6 , 4 , 8 , 0 , pos
24 , 23 , 1 , 0 , 2 , 0 , pos
86 , 59 , 3 , 1 , 2 , 0 , pos
36 , 22 , 3 , 1 , 8 , 0 , pos
64 , 54 , 0 , 0 , 0 , 0 , pos
39 , 37 , 0 , 0 , 10 , 2 , pos
23 , 17 , 2 , 1 , 5 , 0 , pos
54 , 46 , 3 , 3 , 0 , 0 , pos
48 , 55 , 1 , 3 , 5 , 0 , pos
47 , 21 , 0 , 3 , 0 , 0 , pos
27 , 27 , 0 , 0 , 0 , 2 , pos
23 , 22 , 1 , 0 , 0 , 2 , pos
27 , 20 , 2 , 2 , 0 , 0 , pos
49 , 60 , 0 , 0 , 2 , 5 , pos
33 , 26 , 1 , 0 , 0 , 1 , pos
85 , 80 , 3 , 1 , 3 , 0 , pos
12 , 14 , 0 , 0 , 0 , 0 , pos
64 , 39 , 1 , 0 , 1 , 1 , pos
31 , 17 , 1 , 0 , 0 , 0 , pos
39 , 18 , 0 , 2 , 0 , 0 , pos
85 , 52 , 0 , 0 , 0 , 3 , pos
72 , 40 , 4 , 0 , 3 , 4 , pos
58 , 25 , 3 , 1 , 3 , 0 , pos
9 , 13 , 0 , 0 , 4 , 1 , pos
62 , 53 , 0 , 0 , 2 , 1 , pos
54 , 20 , 1 , 1 , 2 , 0 , pos
7 , 2 , 1 , 0 , 2 , 0 , pos
54 , 39 , 1 , 2 , 2 , 1 , pos
54 , 38 , 4 , 5 , 1 , 1 , pos
43 , 27 , 4 , 0 , 0 , 0 , pos
80 , 38 , 1 , 2 , 0 , 0 , pos
42 , 15 , 1 , 1 , 3 , 0 , pos
66 , 29 , 0 , 1 , 2 , 0 , pos
24 , 19 , 0 , 0 , 2 , 0 , pos
43 , 32 , 0 , 2 , 1 , 6 , pos
42 , 19 , 0 , 0 , 5 , 5 , pos
43 , 40 , 0 , 1 , 4 , 1 , pos
53 , 36 , 1 , 7 , 3 , 3 , pos
28 , 7 , 1 , 0 , 1 , 0 , pos
18 , 8 , 2 , 0 , 0 , 0 , pos
50 , 31 , 6 , 3 , 5 , 0 , pos
36 , 21 , 2 , 1 , 4 , 1 , pos
37 , 23 , 0 , 0 , 0 , 0 , pos
51 , 41 , 2 , 7 , 4 , 0 , pos
76 , 25 , 1 , 1 , 6 , 0 , pos
39 , 22 , 0 , 2 , 2 , 0 , pos
62 , 55 , 2 , 0 , 4 , 0 , pos
26 , 32 , 0 , 1 , 2 , 0 , pos
29 , 55 , 0 , 5 , 4 , 7 , pos
63 , 43 , 0 , 1 , 3 , 0 , pos
62 , 32 , 1 , 0 , 3 , 0 , pos
48 , 18 , 0 , 0 , 1 , 0 , pos
53 , 29 , 5 , 0 , 4 , 0 , pos
46 , 28 , 0 , 6 , 0 , 0 , pos
41 , 32 , 7 , 4 , 2 , 4 , pos
95 , 56 , 1 , 4 , 6 , 0 , pos
58 , 30 , 0 , 2 , 1 , 2 , pos
49 , 39 , 3 , 0 , 3 , 3 , pos
30 , 8 , 1 , 3 , 8 , 0 , pos
55 , 26 , 0 , 2 , 0 , 0 , pos
17 , 17 , 0 , 2 , 1 , 0 , pos
73 , 53 , 0 , 1 , 5 , 1 , pos
32 , 19 , 0 , 3 , 3 , 2 , pos
85 , 72 , 2 , 0 , 4 , 3 , pos
44 , 40 , 0 , 5 , 5 , 1 , pos
18 , 11 , 3 , 1 , 1 , 0 , pos
74 , 58 , 2 , 3 , 0 , 0 , pos
34 , 27 , 1 , 3 , 3 , 0 , pos
30 , 16 , 0 , 1 , 1 , 1 , pos
23 , 24 , 2 , 1 , 3 , 2 , pos
40 , 22 , 0 , 0 , 0 , 0 , pos
55 , 33 , 2 , 0 , 0 , 2 , pos
17 , 10 , 3 , 0 , 0 , 0 , pos
102 , 49 , 1 , 1 , 5 , 5 , pos
80 , 54 , 0 , 2 , 0 , 0 , pos
26 , 20 , 2 , 3 , 0 , 3 , pos
27 , 16 , 0 , 0 , 0 , 0 , pos
43 , 26 , 1 , 0 , 0 , 2 , pos
57 , 37 , 4 , 2 , 2 , 1 , pos
73 , 70 , 1 , 1 , 0 , 1 , pos
40 , 37 , 1 , 0 , 1 , 0 , pos
45 , 48 , 2 , 0 , 1 , 2 , pos
47 , 49 , 1 , 1 , 1 , 5 , pos
51 , 41 , 1 , 2 , 0 , 0 , pos
30 , 16 , 3 , 0 , 0 , 0 , pos
24 , 31 , 0 , 0 , 4 , 0 , pos
28 , 20 , 0 , 1 , 0 , 0 , pos
50 , 38 , 1 , 0 , 2 , 1 , pos
34 , 27 , 1 , 4 , 1 , 3 , pos
34 , 25 , 2 , 2 , 1 , 1 , pos
40 , 20 , 2 , 0 , 1 , 0 , pos
61 , 70 , 0 , 0 , 0 , 2 , pos
36 , 19 , 4 , 7 , 3 , 0 , pos
54 , 18 , 1 , 0 , 6 , 2 , pos
16 , 10 , 1 , 0 , 0 , 0 , pos
11 , 5 , 0 , 2 , 1 , 2 , pos
34 , 25 , 7 , 4 , 3 , 0 , pos
35 , 18 , 1 , 1 , 0 , 0 , pos
33 , 14 , 0 , 0 , 2 , 1 , pos
26 , 21 , 5 , 4 , 0 , 0 , pos
38 , 27 , 0 , 2 , 2 , 1 , pos
56 , 9 , 0 , 0 , 3 , 0 , pos
39 , 68 , 2 , 2 , 2 , 0 , pos
55 , 38 , 0 , 3 , 1 , 0 , pos
45 , 38 , 0 , 4 , 3 , 0 , pos
36 , 19 , 2 , 0 , 6 , 0 , pos
36 , 35 , 3 , 1 , 0 , 1 , pos
17 , 8 , 2 , 2 , 2 , 0 , pos
60 , 29 , 1 , 2 , 2 , 1 , pos
41 , 16 , 0 , 0 , 1 , 0 , pos
26 , 26 , 1 , 1 , 5 , 0 , pos
69 , 34 , 2 , 2 , 4 , 3 , pos
34 , 22 , 1 , 1 , 0 , 0 , pos
38 , 26 , 2 , 2 , 2 , 0 , pos
64 , 41 , 1 , 2 , 1 , 0 , pos
59 , 31 , 3 , 0 , 3 , 0 , pos
42 , 23 , 4 , 0 , 2 , 0 , pos
51 , 42 , 0 , 2 , 0 , 0 , pos
15 , 8 , 2 , 0 , 2 , 1 , pos
47 , 35 , 0 , 2 , 0 , 0 , pos
43 , 21 , 0 , 2 , 0 , 0 , pos
44 , 17 , 2 , 1 , 5 , 0 , pos
49 , 34 , 0 , 0 , 2 , 4 , pos
25 , 22 , 1 , 4 , 0 , 1 , pos
28 , 25 , 0 , 1 , 5 , 0 , pos
51 , 38 , 0 , 1 , 6 , 0 , pos
37 , 22 , 1 , 1 , 0 , 0 , pos
43 , 27 , 1 , 1 , 1 , 1 , pos
46 , 25 , 1 , 5 , 4 , 0 , pos
60 , 36 , 0 , 0 , 5 , 1 , pos
26 , 19 , 1 , 2 , 4 , 1 , pos
26 , 26 , 1 , 0 , 0 , 0 , pos
47 , 42 , 4 , 2 , 0 , 2 , pos
24 , 2 , 0 , 0 , 3 , 0 , pos
40 , 24 , 0 , 0 , 2 , 0 , pos
42 , 59 , 7 , 1 , 2 , 4 , pos
15 , 18 , 0 , 1 , 2 , 0 , pos
41 , 53 , 1 , 0 , 4 , 1 , pos
10 , 20 , 0 , 1 , 3 , 0 , pos
58 , 45 , 1 , 1 , 5 , 2 , pos
13 , 16 , 3 , 4 , 0 , 1 , pos
42 , 41 , 1 , 3 , 4 , 2 , pos
38 , 41 , 3 , 1 , 0 , 0 , pos
51 , 25 , 2 , 0 , 0 , 0 , pos
65 , 34 , 1 , 1 , 3 , 0 , pos
44 , 46 , 0 , 0 , 5 , 1 , pos
21 , 9 , 1 , 0 , 3 , 1 , pos
73 , 52 , 0 , 0 , 2 , 0 , pos
32 , 29 , 1 , 1 , 3 , 0 , pos
11 , 8 , 1 , 2 , 0 , 0 , pos
35 , 21 , 2 , 0 , 3 , 0 , pos
40 , 15 , 2 , 1 , 1 , 4 , pos
37 , 19 , 3 , 1 , 0 , 0 , pos
41 , 38 , 1 , 0 , 3 , 2 , pos
38 , 25 , 2 , 0 , 2 , 4 , pos
61 , 56 , 8 , 3 , 1 , 0 , pos
39 , 22 , 0 , 1 , 0 , 0 , pos
84 , 63 , 2 , 2 , 3 , 0 , pos
37 , 28 , 0 , 0 , 2 , 0 , pos
46 , 35 , 0 , 0 , 3 , 4 , pos
57 , 36 , 2 , 1 , 0 , 1 , pos
59 , 12 , 0 , 0 , 4 , 0 , pos
29 , 8 , 0 , 2 , 1 , 0 , pos
37 , 37 , 3 , 0 , 1 , 1 , pos
18 , 14 , 2 , 0 , 0 , 0 , pos
30 , 20 , 2 , 1 , 0 , 3 , pos
40 , 38 , 4 , 1 , 2 , 0 , pos
74 , 55 , 2 , 0 , 1 , 0 , pos
66 , 23 , 6 , 2 , 0 , 0 , pos
33 , 41 , 0 , 0 , 0 , 0 , pos
23 , 18 , 2 , 1 , 0 , 0 , pos
20 , 13 , 1 , 0 , 5 , 1 , pos
43 , 30 , 0 , 3 , 3 , 1 , pos
41 , 63 , 0 , 2 , 1 , 2 , pos
32 , 14 , 2 , 1 , 0 , 0 , pos
31 , 16 , 1 , 1 , 1 , 0 , pos
21 , 23 , 2 , 2 , 0 , 4 , pos
28 , 22 , 0 , 2 , 2 , 0 , pos
45 , 44 , 2 , 0 , 1 , 0 , pos
61 , 46 , 2 , 0 , 5 , 0 , pos
41 , 25 , 0 , 1 , 0 , 0 , pos
71 , 69 , 2 , 0 , 2 , 0 , pos
68 , 52 , 3 , 0 , 1 , 0 , pos
49 , 43 , 1 , 3 , 0 , 3 , pos
50 , 35 , 1 , 1 , 2 , 1 , pos
73 , 64 , 6 , 3 , 6 , 3 , pos
58 , 32 , 4 , 3 , 0 , 0 , pos
36 , 33 , 0 , 1 , 5 , 2 , pos
77 , 67 , 1 , 0 , 0 , 0 , pos
29 , 22 , 2 , 0 , 7 , 3 , pos
29 , 10 , 3 , 0 , 2 , 1 , pos
63 , 62 , 0 , 1 , 1 , 1 , pos
26 , 25 , 2 , 1 , 0 , 0 , pos
34 , 16 , 0 , 2 , 2 , 0 , pos
46 , 23 , 3 , 1 , 5 , 1 , pos
27 , 21 , 3 , 0 , 0 , 0 , pos
28 , 16 , 0 , 1 , 1 , 1 , pos
51 , 23 , 5 , 0 , 1 , 1 , pos
30 , 11 , 2 , 0 , 2 , 0 , pos
65 , 37 , 1 , 0 , 4 , 0 , pos
54 , 39 , 1 , 3 , 2 , 0 , pos
41 , 43 , 1 , 1 , 2 , 3 , pos
59 , 23 , 2 , 4 , 1 , 0 , pos
38 , 48 , 3 , 2 , 0 , 0 , pos
50 , 42 , 0 , 2 , 0 , 0 , pos
25 , 20 , 0 , 0 , 7 , 3 , pos
44 , 24 , 0 , 1 , 1 , 2 , pos
62 , 59 , 3 , 4 , 1 , 1 , pos
46 , 43 , 0 , 0 , 1 , 1 , pos
56 , 25 , 5 , 1 , 1 , 0 , pos
41 , 33 , 2 , 0 , 0 , 3 , pos
30 , 13 , 2 , 0 , 0 , 1 , pos
48 , 46 , 1 , 1 , 0 , 0 , pos
46 , 51 , 0 , 1 , 4 , 2 , pos
49 , 27 , 1 , 2 , 5 , 2 , pos
66 , 71 , 3 , 1 , 3 , 0 , pos
53 , 43 , 2 , 4 , 1 , 0 , pos
31 , 9 , 3 , 4 , 2 , 0 , pos
44 , 29 , 3 , 1 , 0 , 2 , pos
21 , 15 , 2 , 1 , 1 , 1 , pos
41 , 21 , 5 , 4 , 0 , 0 , pos
57 , 34 , 2 , 1 , 0 , 0 , pos
50 , 37 , 2 , 2 , 1 , 4 , pos
56 , 22 , 4 , 2 , 1 , 0 , pos
38 , 25 , 0 , 0 , 0 , 0 , pos
38 , 22 , 0 , 0 , 1 , 0 , pos
31 , 15 , 1 , 1 , 0 , 0 , pos
29 , 39 , 2 , 6 , 2 , 0 , pos
46 , 50 , 0 , 2 , 2 , 1 , pos
49 , 34 , 1 , 4 , 2 , 1 , pos
21 , 22 , 3 , 1 , 2 , 0 , pos
49 , 13 , 4 , 1 , 2 , 0 , pos
28 , 35 , 4 , 4 , 0 , 0 , pos
48 , 50 , 1 , 1 , 4 , 0 , pos
66 , 42 , 0 , 0 , 5 , 2 , pos
31 , 24 , 4 , 7 , 6 , 2 , pos
58 , 61 , 7 , 2 , 0 , 5 , pos
25 , 22 , 0 , 2 , 3 , 2 , pos
60 , 43 , 1 , 0 , 3 , 4 , pos
16 , 11 , 0 , 0 , 1 , 1 , pos
44 , 27 , 3 , 2 , 0 , 0 , pos
28 , 30 , 2 , 1 , 3 , 0 , pos
44 , 38 , 2 , 2 , 3 , 0 , pos
47 , 40 , 2 , 2 , 1 , 0 , pos
16 , 29 , 0 , 1 , 0 , 0 , pos
38 , 28 , 1 , 3 , 1 , 0 , pos
54 , 39 , 1 , 3 , 2 , 0 , pos
85 , 62 , 2 , 0 , 6 , 0 , pos
47 , 45 , 0 , 0 , 0 , 0 , pos
69 , 47 , 5 , 0 , 2 , 3 , pos
41 , 36 , 1 , 3 , 1 , 1 , pos
64 , 93 , 3 , 3 , 1 , 2 , pos
73 , 86 , 7 , 4 , 0 , 6 , pos
45 , 47 , 0 , 3 , 1 , 0 , pos
79 , 54 , 5 , 1 , 0 , 2 , pos
83 , 32 , 1 , 2 , 3 , 1 , pos
31 , 28 , 1 , 0 , 5 , 2 , pos
50 , 49 , 1 , 4 , 3 , 1 , pos
66 , 67 , 0 , 2 , 4 , 1 , pos
21 , 11 , 0 , 0 , 4 , 1 , pos
24 , 30 , 0 , 2 , 2 , 3 , pos
28 , 16 , 1 , 1 , 3 , 0 , pos
50 , 40 , 1 , 0 , 3 , 0 , pos
28 , 10 , 1 , 0 , 2 , 0 , pos
50 , 37 , 0 , 0 , 4 , 0 , pos
67 , 56 , 6 , 0 , 3 , 0 , pos
46 , 45 , 2 , 1 , 5 , 3 , pos
85 , 27 , 14 , 0 , 5 , 0 , pos
44 , 33 , 0 , 2 , 3 , 2 , pos
37 , 35 , 0 , 0 , 0 , 1 , pos
47 , 41 , 1 , 1 , 1 , 0 , pos
67 , 64 , 0 , 0 , 3 , 0 , pos
34 , 29 , 5 , 0 , 0 , 0 , pos
32 , 18 , 0 , 2 , 2 , 0 , pos
60 , 27 , 1 , 0 , 3 , 2 , pos
42 , 45 , 1 , 0 , 6 , 2 , pos
30 , 18 , 0 , 3 , 2 , 0 , pos
88 , 45 , 3 , 2 , 4 , 2 , pos
86 , 63 , 2 , 1 , 4 , 5 , pos
31 , 21 , 0 , 0 , 5 , 2 , pos
26 , 21 , 1 , 1 , 0 , 2 , pos
26 , 14 , 3 , 0 , 2 , 0 , pos
27 , 29 , 7 , 1 , 0 , 0 , pos
39 , 27 , 2 , 1 , 7 , 5 , pos
53 , 35 , 4 , 1 , 0 , 0 , pos
37 , 12 , 1 , 0 , 6 , 1 , pos
44 , 28 , 2 , 0 , 1 , 6 , pos
48 , 29 , 0 , 0 , 0 , 0 , pos
21 , 6 , 3 , 1 , 3 , 0 , pos
65 , 36 , 4 , 3 , 11 , 0 , pos
29 , 24 , 0 , 2 , 0 , 1 , pos
90 , 58 , 1 , 2 , 5 , 2 , pos
48 , 31 , 0 , 2 , 0 , 0 , pos
35 , 27 , 3 , 2 , 1 , 0 , pos
50 , 47 , 1 , 0 , 3 , 0 , pos
66 , 34 , 3 , 0 , 4 , 0 , pos
46 , 21 , 1 , 1 , 4 , 2 , pos
61 , 42 , 2 , 1 , 1 , 2 , pos
161 , 119 , 0 , 0 , 6 , 5 , pos
61 , 36 , 5 , 2 , 7 , 0 , pos
52 , 41 , 1 , 1 , 1 , 0 , pos
34 , 21 , 6 , 4 , 0 , 0 , pos
75 , 50 , 2 , 1 , 4 , 1 , pos
61 , 63 , 4 , 5 , 1 , 0 , pos
54 , 25 , 1 , 0 , 0 , 0 , pos
66 , 19 , 3 , 0 , 11 , 1 , pos
80 , 73 , 0 , 0 , 4 , 1 , pos
60 , 38 , 1 , 0 , 8 , 0 , pos
39 , 24 , 2 , 0 , 0 , 0 , pos
81 , 48 , 0 , 0 , 8 , 5 , pos
28 , 23 , 0 , 0 , 7 , 3 , pos
29 , 14 , 0 , 0 , 2 , 0 , pos
57 , 50 , 0 , 0 , 3 , 0 , pos
67 , 21 , 0 , 3 , 2 , 0 , pos
20 , 5 , 4 , 1 , 2 , 0 , pos
71 , 24 , 6 , 1 , 7 , 0 , pos
36 , 37 , 2 , 2 , 5 , 2 , pos
63 , 36 , 0 , 1 , 1 , 0 , pos
54 , 52 , 1 , 8 , 3 , 2 , pos
57 , 31 , 2 , 1 , 2 , 1 , pos
55 , 30 , 1 , 5 , 6 , 3 , pos
31 , 30 , 0 , 0 , 4 , 0 , pos
42 , 20 , 1 , 0 , 3 , 1 , pos
85 , 42 , 3 , 3 , 2 , 0 , pos
62 , 43 , 2 , 1 , 4 , 3 , pos
40 , 36 , 2 , 0 , 3 , 1 , pos
23 , 17 , 0 , 0 , 0 , 0 , pos
78 , 40 , 7 , 1 , 0 , 0 , pos
69 , 45 , 0 , 0 , 7 , 0 , pos
35 , 39 , 0 , 1 , 0 , 0 , pos
32 , 25 , 1 , 1 , 4 , 0 , pos
64 , 69 , 1 , 0 , 0 , 1 , pos
62 , 36 , 4 , 0 , 2 , 3 , pos
32 , 18 , 1 , 0 , 0 , 0 , pos
28 , 26 , 0 , 0 , 0 , 0 , pos
57 , 55 , 0 , 0 , 2 , 0 , pos
46 , 48 , 0 , 5 , 0 , 0 , pos
42 , 38 , 1 , 2 , 0 , 0 , pos
18 , 21 , 1 , 1 , 1 , 1 , pos
54 , 26 , 4 , 0 , 2 , 1 , pos
59 , 18 , 0 , 1 , 1 , 0 , pos
33 , 40 , 0 , 0 , 0 , 1 , pos
64 , 10 , 2 , 0 , 2 , 0 , pos
106 , 49 , 0 , 0 , 0 , 0 , pos
27 , 7 , 5 , 0 , 0 , 0 , pos
50 , 37 , 2 , 0 , 0 , 0 , pos
70 , 57 , 0 , 0 , 2 , 4 , pos
117 , 102 , 0 , 3 , 0 , 0 , pos
24 , 23 , 0 , 0 , 1 , 0 , pos
52 , 28 , 1 , 1 , 0 , 2 , pos
65 , 49 , 0 , 1 , 1 , 2 , pos
48 , 17 , 0 , 0 , 4 , 0 , pos
81 , 44 , 3 , 3 , 0 , 1 , pos
33 , 13 , 3 , 0 , 4 , 1 , pos
39 , 46 , 1 , 4 , 6 , 2 , pos
47 , 26 , 0 , 1 , 0 , 0 , pos
42 , 22 , 1 , 1 , 5 , 1 , pos
39 , 19 , 2 , 1 , 5 , 1 , pos
79 , 56 , 4 , 0 , 4 , 1 , pos
39 , 24 , 3 , 2 , 1 , 0 , pos
50 , 43 , 6 , 0 , 7 , 5 , pos
36 , 35 , 7 , 5 , 3 , 0 , pos
40 , 38 , 6 , 0 , 4 , 1 , pos
48 , 23 , 2 , 2 , 1 , 0 , pos
63 , 44 , 0 , 1 , 3 , 0 , pos
41 , 19 , 2 , 0 , 0 , 1 , pos
48 , 43 , 0 , 1 , 0 , 0 , pos
79 , 27 , 1 , 0 , 2 , 1 , pos
53 , 23 , 1 , 0 , 1 , 1 , pos
63 , 38 , 3 , 0 , 3 , 0 , pos
65 , 47 , 3 , 1 , 2 , 2 , pos
41 , 14 , 1 , 0 , 0 , 0 , pos
36 , 48 , 2 , 3 , 4 , 1 , pos
56 , 28 , 2 , 1 , 0 , 0 , pos
37 , 17 , 2 , 0 , 0 , 0 , pos
54 , 23 , 0 , 2 , 0 , 0 , pos
55 , 21 , 5 , 1 , 1 , 1 , pos
53 , 58 , 1 , 1 , 5 , 0 , pos
60 , 56 , 5 , 1 , 3 , 1 , pos
82 , 58 , 1 , 0 , 7 , 0 , pos
56 , 52 , 3 , 0 , 5 , 0 , pos
53 , 48 , 0 , 0 , 1 , 0 , pos
47 , 48 , 2 , 2 , 11 , 1 , pos
33 , 15 , 1 , 2 , 1 , 0 , pos
88 , 59 , 2 , 0 , 0 , 1 , pos
50 , 45 , 0 , 0 , 12 , 0 , pos
10 , 5 , 1 , 0 , 3 , 0 , pos
46 , 37 , 0 , 4 , 4 , 0 , pos
54 , 48 , 0 , 3 , 0 , 4 , pos
37 , 25 , 4 , 2 , 2 , 2 , pos
72 , 89 , 5 , 8 , 2 , 1 , pos
53 , 49 , 3 , 1 , 2 , 2 , pos
42 , 20 , 4 , 1 , 1 , 0 , pos
42 , 43 , 1 , 0 , 1 , 0 , pos
43 , 33 , 0 , 0 , 6 , 6 , pos
44 , 52 , 2 , 5 , 3 , 2 , pos
34 , 33 , 2 , 1 , 0 , 0 , pos
32 , 62 , 2 , 10 , 4 , 0 , pos
15 , 8 , 1 , 0 , 1 , 2 , pos
60 , 34 , 1 , 0 , 3 , 2 , pos
37 , 29 , 0 , 0 , 1 , 0 , pos
30 , 31 , 1 , 2 , 0 , 0 , pos
37 , 27 , 2 , 1 , 1 , 0 , pos
60 , 56 , 2 , 2 , 6 , 0 , pos
50 , 56 , 2 , 1 , 0 , 0 , pos
43 , 26 , 4 , 2 , 0 , 0 , pos
60 , 65 , 0 , 4 , 0 , 0 , pos
57 , 38 , 0 , 1 , 6 , 0 , pos
40 , 24 , 0 , 0 , 0 , 0 , pos
75 , 27 , 3 , 0 , 0 , 0 , pos
27 , 26 , 2 , 4 , 2 , 1 , pos
31 , 50 , 0 , 3 , 0 , 2 , pos
73 , 47 , 1 , 0 , 4 , 0 , pos
73 , 67 , 1 , 2 , 3 , 1 , pos
74 , 44 , 0 , 4 , 3 , 3 , pos
47 , 22 , 0 , 1 , 4 , 5 , pos
28 , 27 , 2 , 5 , 4 , 4 , pos
40 , 21 , 0 , 0 , 0 , 2 , pos
49 , 29 , 3 , 0 , 3 , 0 , pos
81 , 77 , 2 , 1 , 1 , 0 , pos
59 , 24 , 1 , 0 , 3 , 0 , pos
45 , 48 , 2 , 2 , 0 , 0 , pos
49 , 42 , 3 , 1 , 7 , 2 , pos
65 , 47 , 3 , 2 , 2 , 0 , pos
98 , 46 , 0 , 0 , 10 , 0 , pos
47 , 26 , 1 , 1 , 1 , 0 , pos
48 , 18 , 4 , 0 , 0 , 0 , pos
32 , 18 , 3 , 1 , 0 , 0 , pos
71 , 35 , 5 , 0 , 0 , 0 , pos
52 , 48 , 1 , 1 , 4 , 0 , pos
49 , 29 , 0 , 1 , 4 , 1 , pos
48 , 45 , 3 , 0 , 2 , 2 , pos
12 , 19 , 1 , 1 , 3 , 0 , pos
47 , 30 , 0 , 0 , 2 , 2 , pos
27 , 13 , 2 , 2 , 2 , 0 , pos
50 , 36 , 1 , 2 , 4 , 0 , pos
29 , 12 , 2 , 0 , 6 , 1 , pos
45 , 23 , 2 , 0 , 4 , 0 , pos
107 , 44 , 3 , 0 , 3 , 0 , pos
41 , 50 , 2 , 1 , 3 , 3 , pos
43 , 22 , 0 , 0 , 4 , 1 , pos
48 , 24 , 0 , 0 , 3 , 0 , pos
34 , 38 , 0 , 1 , 0 , 0 , pos
31 , 26 , 2 , 3 , 3 , 4 , pos
58 , 64 , 0 , 3 , 1 , 4 , pos
43 , 36 , 0 , 0 , 0 , 0 , pos
67 , 56 , 1 , 0 , 0 , 0 , pos
65 , 59 , 1 , 0 , 2 , 0 , pos
50 , 39 , 8 , 3 , 2 , 3 , pos
23 , 14 , 1 , 0 , 2 , 0 , pos
69 , 62 , 5 , 2 , 6 , 5 , pos
24 , 21 , 0 , 0 , 6 , 3 , pos
74 , 29 , 0 , 1 , 5 , 0 , pos
52 , 50 , 1 , 0 , 8 , 1 , pos
40 , 18 , 0 , 2 , 0 , 1 , pos
33 , 26 , 3 , 2 , 3 , 0 , pos
53 , 23 , 2 , 0 , 3 , 0 , pos
42 , 55 , 1 , 3 , 4 , 0 , pos
58 , 40 , 0 , 2 , 0 , 0 , pos
20 , 11 , 0 , 1 , 1 , 0 , pos
43 , 27 , 2 , 2 , 0 , 0 , pos
24 , 14 , 1 , 0 , 3 , 1 , pos
37 , 59 , 1 , 3 , 8 , 0 , pos
73 , 70 , 5 , 4 , 4 , 1 , pos
15 , 14 , 0 , 0 , 5 , 2 , pos
65 , 56 , 1 , 0 , 0 , 0 , pos
42 , 36 , 0 , 3 , 5 , 1 , pos
33 , 33 , 1 , 1 , 2 , 0 , pos
18 , 17 , 1 , 0 , 0 , 0 , pos
31 , 18 , 1 , 0 , 3 , 4 , pos
45 , 23 , 2 , 2 , 4 , 1 , pos
41 , 37 , 0 , 0 , 3 , 0 , pos
20 , 17 , 0 , 0 , 8 , 1 , pos
18 , 19 , 1 , 3 , 3 , 1 , pos
76 , 54 , 1 , 1 , 4 , 1 , pos
79 , 40 , 4 , 0 , 1 , 1 , pos
47 , 36 , 2 , 0 , 2 , 2 , pos
46 , 41 , 0 , 2 , 0 , 1 , pos
39 , 17 , 2 , 0 , 3 , 1 , pos
69 , 32 , 0 , 1 , 1 , 0 , pos
70 , 34 , 5 , 0 , 5 , 0 , pos
47 , 39 , 0 , 0 , 1 , 0 , pos
59 , 64 , 1 , 1 , 0 , 0 , pos
55 , 38 , 4 , 0 , 1 , 0 , pos
77 , 51 , 0 , 1 , 3 , 0 , pos
59 , 45 , 2 , 0 , 0 , 1 , pos
54 , 25 , 1 , 0 , 3 , 0 , pos
54 , 21 , 3 , 0 , 1 , 2 , pos
24 , 14 , 3 , 0 , 2 , 0 , pos
59 , 35 , 0 , 3 , 3 , 5 , pos
40 , 31 , 0 , 2 , 0 , 0 , pos
51 , 39 , 2 , 2 , 3 , 0 , pos
70 , 56 , 1 , 4 , 3 , 3 , pos
27 , 19 , 4 , 1 , 0 , 3 , pos
32 , 14 , 0 , 0 , 1 , 0 , pos
47 , 28 , 1 , 0 , 0 , 1 , pos
71 , 31 , 1 , 1 , 4 , 3 , pos
42 , 22 , 4 , 5 , 1 , 0 , pos
72 , 24 , 3 , 0 , 1 , 2 , pos
58 , 45 , 1 , 2 , 5 , 1 , pos
5 , 0 , 0 , 0 , 0 , 0 , pos
40 , 17 , 8 , 1 , 3 , 1 , pos
21 , 10 , 0 , 2 , 2 , 0 , pos
52 , 36 , 3 , 4 , 0 , 0 , pos
49 , 36 , 1 , 1 , 1 , 0 , pos
36 , 19 , 1 , 1 , 0 , 1 , pos
19 , 14 , 3 , 0 , 0 , 0 , pos
27 , 31 , 0 , 1 , 0 , 2 , pos
34 , 27 , 2 , 0 , 1 , 0 , pos
17 , 8 , 2 , 1 , 5 , 2 , pos
33 , 5 , 5 , 0 , 0 , 0 , pos
73 , 75 , 0 , 1 , 5 , 2 , pos
29 , 26 , 5 , 0 , 1 , 1 , pos
21 , 10 , 1 , 0 , 1 , 3 , pos
61 , 34 , 3 , 2 , 5 , 1 , pos
41 , 31 , 0 , 6 , 0 , 0 , pos
70 , 40 , 1 , 0 , 2 , 0 , pos
59 , 54 , 0 , 0 , 0 , 0 , pos
73 , 45 , 3 , 1 , 8 , 0 , pos
45 , 30 , 1 , 2 , 0 , 0 , pos
14 , 18 , 0 , 2 , 0 , 1 , pos
36 , 26 , 1 , 4 , 1 , 0 , pos
45 , 21 , 2 , 3 , 6 , 4 , pos
50 , 38 , 7 , 1 , 3 , 0 , pos
42 , 27 , 3 , 2 , 0 , 0 , pos
51 , 23 , 0 , 0 , 0 , 0 , pos
91 , 40 , 0 , 0 , 2 , 2 , pos
54 , 49 , 1 , 2 , 5 , 2 , pos
76 , 55 , 2 , 6 , 3 , 1 , pos
75 , 43 , 0 , 0 , 0 , 3 , pos
28 , 17 , 0 , 0 , 0 , 0 , pos
42 , 33 , 0 , 0 , 1 , 1 , pos
41 , 37 , 6 , 0 , 2 , 6 , pos
31 , 27 , 3 , 2 , 0 , 2 , pos
33 , 26 , 0 , 1 , 4 , 1 , pos
40 , 17 , 2 , 2 , 4 , 0 , pos
40 , 31 , 0 , 0 , 1 , 0 , pos
40 , 44 , 1 , 0 , 2 , 1 , pos
60 , 34 , 5 , 1 , 3 , 0 , pos
43 , 43 , 6 , 5 , 1 , 1 , pos
53 , 39 , 3 , 2 , 0 , 2 , pos
60 , 35 , 4 , 2 , 5 , 0 , pos
39 , 21 , 2 , 2 , 0 , 0 , pos
11 , 11 , 0 , 0 , 0 , 0 , pos
41 , 39 , 0 , 0 , 2 , 4 , pos
27 , 34 , 1 , 1 , 0 , 0 , pos
56 , 24 , 1 , 0 , 2 , 1 , pos
46 , 34 , 0 , 0 , 4 , 0 , pos
54 , 41 , 2 , 0 , 0 , 0 , pos
82 , 39 , 0 , 0 , 2 , 0 , pos
52 , 37 , 2 , 2 , 1 , 0 , pos
47 , 43 , 1 , 0 , 0 , 1 , pos
33 , 24 , 0 , 0 , 0 , 0 , pos
80 , 46 , 7 , 1 , 6 , 0 , pos
54 , 55 , 1 , 2 , 3 , 1 , pos
71 , 34 , 2 , 1 , 0 , 2 , pos
55 , 74 , 4 , 1 , 3 , 0 , pos
41 , 33 , 2 , 2 , 9 , 1 , pos
59 , 30 , 1 , 0 , 0 , 2 , pos
32 , 14 , 0 , 0 , 1 , 0 , pos
30 , 23 , 2 , 0 , 4 , 3 , pos
44 , 43 , 3 , 2 , 0 , 1 , pos
45 , 34 , 0 , 1 , 0 , 0 , pos
87 , 40 , 0 , 0 , 4 , 0 , pos
55 , 34 , 1 , 4 , 2 , 0 , pos
64 , 55 , 1 , 2 , 0 , 0 , pos
45 , 21 , 2 , 1 , 1 , 2 , pos
50 , 26 , 5 , 3 , 0 , 0 , pos
47 , 33 , 2 , 5 , 6 , 0 , pos
20 , 22 , 0 , 0 , 0 , 0 , pos
27 , 21 , 7 , 2 , 0 , 0 , pos
14 , 6 , 0 , 0 , 3 , 0 , pos
56 , 34 , 2 , 3 , 4 , 4 , pos
35 , 34 , 0 , 2 , 2 , 2 , pos
29 , 32 , 0 , 3 , 0 , 0 , pos
52 , 32 , 3 , 0 , 2 , 0 , pos
46 , 37 , 0 , 0 , 3 , 3 , pos
39 , 28 , 2 , 0 , 3 , 1 , pos
34 , 31 , 0 , 1 , 1 , 2 , pos
42 , 29 , 0 , 0 , 2 , 0 , pos
53 , 33 , 0 , 1 , 0 , 1 , pos
14 , 3 , 0 , 1 , 1 , 0 , pos
112 , 55 , 0 , 0 , 0 , 0 , pos
85 , 36 , 3 , 3 , 3 , 0 , pos
25 , 37 , 0 , 1 , 2 , 2 , pos
81 , 41 , 0 , 0 , 3 , 0 , pos
38 , 17 , 0 , 0 , 1 , 0 , pos
11 , 13 , 0 , 1 , 1 , 2 , pos
25 , 30 , 2 , 0 , 4 , 1 , pos
38 , 5 , 1 , 1 , 0 , 0 , pos
36 , 64 , 0 , 7 , 1 , 3 , pos
72 , 39 , 0 , 0 , 6 , 0 , pos
49 , 46 , 0 , 1 , 0 , 4 , pos
23 , 5 , 0 , 0 , 1 , 1 , pos
51 , 23 , 3 , 0 , 0 , 0 , pos
37 , 27 , 1 , 1 , 3 , 2 , pos
29 , 26 , 2 , 0 , 0 , 3 , pos
34 , 31 , 0 , 0 , 3 , 2 , pos
41 , 22 , 1 , 1 , 4 , 1 , pos
45 , 25 , 0 , 0 , 6 , 0 , pos
29 , 39 , 4 , 0 , 0 , 0 , pos
39 , 37 , 0 , 0 , 5 , 2 , pos
59 , 63 , 0 , 0 , 4 , 1 , pos
35 , 30 , 2 , 0 , 0 , 0 , pos
38 , 33 , 2 , 1 , 0 , 0 , pos
42 , 48 , 1 , 1 , 3 , 1 , pos
56 , 44 , 1 , 3 , 0 , 0 , pos
26 , 29 , 0 , 0 , 4 , 0 , pos
105 , 59 , 0 , 0 , 14 , 3 , pos
33 , 27 , 1 , 4 , 8 , 2 , pos
40 , 19 , 3 , 1 , 4 , 0 , pos
65 , 42 , 0 , 0 , 3 , 0 , pos
60 , 50 , 0 , 0 , 0 , 0 , pos
27 , 17 , 1 , 1 , 6 , 0 , pos
63 , 22 , 5 , 0 , 3 , 0 , pos
45 , 38 , 1 , 1 , 3 , 0 , pos
55 , 22 , 0 , 0 , 0 , 2 , pos
42 , 44 , 2 , 2 , 0 , 0 , pos
79 , 49 , 5 , 0 , 8 , 3 , pos
59 , 34 , 2 , 4 , 0 , 4 , pos
26 , 47 , 0 , 5 , 2 , 2 , pos
65 , 48 , 9 , 3 , 2 , 0 , pos
24 , 19 , 5 , 2 , 3 , 0 , pos
23 , 10 , 0 , 0 , 2 , 0 , pos
41 , 31 , 2 , 3 , 2 , 3 , pos
41 , 42 , 0 , 0 , 0 , 0 , pos
50 , 35 , 2 , 0 , 2 , 0 , pos
13 , 4 , 0 , 0 , 1 , 0 , pos
38 , 24 , 1 , 0 , 1 , 0 , pos
27 , 8 , 0 , 0 , 2 , 2 , pos
42 , 29 , 5 , 3 , 2 , 3 , pos
36 , 17 , 3 , 0 , 4 , 0 , pos
30 , 13 , 1 , 0 , 3 , 1 , pos
54 , 28 , 1 , 0 , 7 , 1 , pos
53 , 34 , 0 , 0 , 2 , 0 , pos
36 , 28 , 1 , 1 , 5 , 3 , pos
20 , 17 , 0 , 0 , 1 , 0 , pos
26 , 19 , 2 , 0 , 2 , 0 , pos
55 , 24 , 1 , 0 , 5 , 1 , pos
85 , 73 , 3 , 1 , 2 , 4 , pos
43 , 14 , 0 , 0 , 1 , 0 , pos
53 , 45 , 0 , 0 , 1 , 0 , pos
71 , 44 , 1 , 1 , 5 , 3 , pos
61 , 41 , 6 , 5 , 10 , 0 , pos
46 , 26 , 2 , 2 , 3 , 1 , pos
44 , 13 , 3 , 2 , 4 , 1 , pos
58 , 23 , 0 , 0 , 0 , 1 , pos
17 , 18 , 0 , 0 , 0 , 0 , pos
68 , 53 , 0 , 0 , 1 , 0 , pos
71 , 44 , 5 , 0 , 4 , 0 , pos
29 , 20 , 2 , 1 , 0 , 0 , pos
45 , 26 , 0 , 0 , 0 , 0 , pos
19 , 16 , 0 , 0 , 0 , 0 , pos
44 , 26 , 0 , 0 , 5 , 0 , pos
89 , 55 , 1 , 0 , 8 , 2 , pos
32 , 40 , 0 , 0 , 0 , 0 , pos
77 , 46 , 4 , 3 , 2 , 1 , pos
58 , 33 , 3 , 1 , 1 , 2 , pos
37 , 36 , 0 , 2 , 2 , 0 , pos
67 , 30 , 2 , 0 , 6 , 1 , pos
23 , 9 , 0 , 0 , 1 , 0 , pos
34 , 20 , 0 , 2 , 0 , 0 , pos
57 , 23 , 5 , 1 , 2 , 2 , pos
39 , 26 , 0 , 2 , 0 , 2 , pos
23 , 20 , 0 , 1 , 1 , 0 , pos
44 , 26 , 0 , 0 , 0 , 0 , pos
38 , 36 , 3 , 0 , 2 , 2 , pos
22 , 13 , 0 , 3 , 3 , 0 , pos
84 , 57 , 0 , 0 , 0 , 0 , pos
33 , 22 , 0 , 0 , 4 , 1 , pos
42 , 20 , 4 , 0 , 2 , 0 , pos
51 , 27 , 0 , 0 , 2 , 2 , pos
34 , 39 , 2 , 0 , 0 , 3 , pos
37 , 39 , 0 , 1 , 6 , 1 , pos
60 , 35 , 0 , 1 , 0 , 0 , pos
59 , 61 , 4 , 2 , 1 , 1 , pos
69 , 44 , 2 , 1 , 4 , 0 , pos
29 , 11 , 3 , 0 , 0 , 0 , pos
23 , 26 , 1 , 2 , 5 , 0 , pos
76 , 26 , 7 , 0 , 4 , 1 , pos
35 , 32 , 2 , 1 , 0 , 0 , pos
85 , 48 , 0 , 1 , 0 , 0 , pos
80 , 72 , 3 , 0 , 6 , 2 , pos
40 , 39 , 1 , 4 , 8 , 0 , pos
29 , 17 , 6 , 2 , 2 , 0 , pos
36 , 18 , 1 , 1 , 2 , 1 , pos
34 , 13 , 0 , 2 , 1 , 0 , pos
36 , 28 , 0 , 0 , 1 , 0 , pos
27 , 29 , 2 , 3 , 4 , 0 , pos
30 , 14 , 0 , 4 , 5 , 1 , pos
35 , 37 , 0 , 4 , 6 , 2 , pos
60 , 34 , 2 , 0 , 0 , 0 , pos
100 , 92 , 2 , 2 , 0 , 0 , pos
45 , 42 , 1 , 1 , 3 , 0 , pos
29 , 22 , 2 , 3 , 7 , 0 , pos
55 , 49 , 3 , 3 , 2 , 0 , pos
24 , 22 , 0 , 2 , 0 , 1 , pos
61 , 19 , 0 , 0 , 1 , 1 , pos
39 , 29 , 1 , 0 , 0 , 0 , pos
48 , 28 , 3 , 0 , 0 , 1 , pos
46 , 20 , 0 , 0 , 4 , 0 , pos
77 , 37 , 2 , 0 , 6 , 2 , pos
39 , 35 , 0 , 1 , 2 , 0 , pos
36 , 26 , 1 , 0 , 3 , 0 , pos
58 , 30 , 4 , 2 , 5 , 3 , pos
32 , 30 , 1 , 0 , 0 , 0 , pos
55 , 46 , 0 , 0 , 0 , 0 , pos
42 , 35 , 0 , 3 , 3 , 0 , pos
45 , 24 , 0 , 1 , 5 , 0 , pos
52 , 27 , 0 , 0 , 4 , 0 , pos
61 , 46 , 1 , 2 , 7 , 2 , pos
39 , 22 , 0 , 0 , 2 , 3 , pos
24 , 17 , 4 , 0 , 1 , 2 , pos
104 , 34 , 6 , 1 , 1 , 0 , pos
36 , 22 , 0 , 1 , 1 , 1 , pos
41 , 19 , 2 , 1 , 3 , 2 , pos
38 , 34 , 4 , 5 , 2 , 1 , pos
63 , 31 , 2 , 4 , 4 , 0 , pos
40 , 48 , 0 , 0 , 6 , 1 , pos
76 , 47 , 1 , 0 , 2 , 0 , pos
32 , 37 , 0 , 0 , 0 , 1 , pos
65 , 32 , 0 , 1 , 6 , 0 , pos
28 , 7 , 0 , 0 , 5 , 0 , pos
28 , 20 , 1 , 0 , 1 , 5 , pos
51 , 33 , 0 , 1 , 0 , 0 , pos
78 , 40 , 1 , 0 , 3 , 0 , pos
33 , 26 , 2 , 2 , 0 , 0 , pos
58 , 41 , 1 , 0 , 4 , 0 , pos
53 , 26 , 2 , 0 , 0 , 0 , pos
56 , 43 , 2 , 3 , 2 , 2 , pos
52 , 20 , 4 , 2 , 1 , 1 , pos
53 , 26 , 1 , 0 , 1 , 1 , pos
60 , 36 , 0 , 0 , 5 , 1 , pos
14 , 4 , 1 , 0 , 1 , 0 , pos
64 , 35 , 5 , 0 , 3 , 1 , pos
49 , 36 , 1 , 2 , 6 , 0 , pos
43 , 36 , 1 , 0 , 0 , 0 , pos
39 , 40 , 1 , 0 , 1 , 1 , pos
67 , 52 , 1 , 3 , 5 , 0 , pos
48 , 37 , 0 , 1 , 3 , 1 , pos
36 , 15 , 3 , 0 , 0 , 0 , pos
52 , 19 , 2 , 0 , 3 , 3 , pos
30 , 19 , 1 , 0 , 0 , 0 , pos
74 , 83 , 2 , 3 , 12 , 6 , pos
31 , 19 , 2 , 2 , 0 , 0 , pos
58 , 48 , 3 , 0 , 0 , 1 , pos
38 , 38 , 1 , 1 , 1 , 2 , neg
14 , 9 , 1 , 0 , 1 , 0 , neg
20 , 25 , 2 , 1 , 0 , 1 , neg
38 , 37 , 3 , 4 , 2 , 3 , neg
39 , 41 , 2 , 2 , 1 , 2 , neg
28 , 36 , 0 , 2 , 0 , 0 , neg
28 , 39 , 0 , 0 , 1 , 1 , neg
33 , 30 , 0 , 1 , 0 , 1 , neg
43 , 59 , 0 , 0 , 4 , 0 , neg
41 , 47 , 0 , 1 , 0 , 1 , neg
50 , 36 , 3 , 0 , 2 , 3 , neg
28 , 23 , 3 , 3 , 2 , 0 , neg
12 , 29 , 1 , 1 , 2 , 1 , neg
41 , 34 , 1 , 1 , 1 , 0 , neg
35 , 22 , 0 , 0 , 1 , 1 , neg
26 , 32 , 0 , 0 , 3 , 0 , neg
29 , 34 , 1 , 0 , 0 , 1 , neg
38 , 41 , 2 , 2 , 0 , 1 , neg
34 , 12 , 2 , 0 , 0 , 0 , neg
40 , 36 , 2 , 1 , 0 , 0 , neg
39 , 39 , 2 , 3 , 3 , 4 , neg
41 , 44 , 3 , 3 , 6 , 3 , neg
29 , 29 , 0 , 3 , 5 , 3 , neg
51 , 43 , 3 , 3 , 1 , 3 , neg
54 , 53 , 2 , 2 , 1 , 0 , neg
52 , 25 , 1 , 0 , 0 , 0 , neg
32 , 21 , 0 , 0 , 2 , 3 , neg
60 , 64 , 2 , 2 , 1 , 3 , neg
30 , 19 , 3 , 0 , 1 , 1 , neg
12 , 14 , 0 , 4 , 0 , 0 , neg
20 , 32 , 0 , 0 , 2 , 5 , neg
46 , 36 , 3 , 0 , 0 , 3 , neg
63 , 62 , 0 , 1 , 1 , 3 , neg
49 , 32 , 3 , 1 , 0 , 0 , neg
13 , 26 , 0 , 2 , 1 , 4 , neg
37 , 29 , 5 , 1 , 0 , 1 , neg
27 , 21 , 6 , 0 , 0 , 4 , neg
20 , 23 , 1 , 0 , 2 , 1 , neg
46 , 47 , 0 , 0 , 4 , 1 , neg
41 , 25 , 1 , 0 , 0 , 0 , neg
15 , 29 , 3 , 5 , 0 , 0 , neg
32 , 37 , 0 , 4 , 1 , 0 , neg
32 , 12 , 0 , 0 , 2 , 2 , neg
19 , 16 , 0 , 0 , 2 , 5 , neg
31 , 22 , 0 , 0 , 0 , 0 , neg
37 , 37 , 4 , 5 , 1 , 0 , neg
49 , 33 , 1 , 2 , 1 , 0 , neg
47 , 48 , 5 , 1 , 0 , 0 , neg
21 , 27 , 0 , 0 , 0 , 2 , neg
41 , 34 , 3 , 1 , 2 , 4 , neg
40 , 19 , 6 , 0 , 0 , 1 , neg
32 , 23 , 1 , 0 , 2 , 0 , neg
25 , 15 , 1 , 0 , 3 , 0 , neg
52 , 55 , 5 , 2 , 4 , 1 , neg
50 , 47 , 0 , 1 , 0 , 3 , neg
34 , 26 , 3 , 0 , 2 , 2 , neg
28 , 25 , 0 , 1 , 3 , 0 , neg
10 , 12 , 2 , 2 , 1 , 1 , neg
20 , 13 , 0 , 0 , 4 , 6 , neg
27 , 6 , 0 , 0 , 3 , 0 , neg
23 , 24 , 1 , 0 , 0 , 0 , neg
64 , 54 , 0 , 0 , 0 , 2 , neg
39 , 30 , 0 , 1 , 0 , 0 , neg
47 , 59 , 1 , 4 , 2 , 1 , neg
27 , 40 , 1 , 0 , 6 , 3 , neg
58 , 48 , 1 , 2 , 1 , 1 , neg
41 , 42 , 1 , 0 , 6 , 0 , neg
40 , 51 , 0 , 2 , 2 , 1 , neg
22 , 35 , 0 , 0 , 2 , 2 , neg
33 , 48 , 1 , 2 , 0 , 1 , neg
46 , 44 , 0 , 1 , 3 , 0 , neg
34 , 26 , 0 , 1 , 3 , 0 , neg
40 , 44 , 2 , 0 , 0 , 5 , neg
46 , 40 , 1 , 4 , 4 , 0 , neg
26 , 21 , 3 , 1 , 1 , 1 , neg
30 , 22 , 1 , 1 , 0 , 5 , neg
12 , 31 , 1 , 0 , 1 , 5 , neg
52 , 26 , 1 , 0 , 0 , 0 , neg
32 , 41 , 2 , 5 , 0 , 3 , neg
50 , 60 , 0 , 0 , 0 , 0 , neg
32 , 38 , 0 , 3 , 0 , 0 , neg
22 , 19 , 3 , 2 , 0 , 5 , neg
14 , 28 , 2 , 0 , 2 , 0 , neg
50 , 54 , 0 , 0 , 5 , 0 , neg
22 , 34 , 1 , 2 , 0 , 0 , neg
30 , 23 , 5 , 0 , 5 , 0 , neg
56 , 50 , 6 , 3 , 0 , 0 , neg
32 , 49 , 1 , 4 , 2 , 1 , neg
25 , 11 , 7 , 0 , 0 , 0 , neg
30 , 36 , 1 , 1 , 0 , 3 , neg
63 , 45 , 0 , 0 , 1 , 4 , neg
27 , 30 , 2 , 4 , 1 , 3 , neg
41 , 26 , 0 , 3 , 4 , 1 , neg
10 , 14 , 0 , 0 , 1 , 3 , neg
59 , 22 , 0 , 3 , 3 , 0 , neg
32 , 25 , 0 , 0 , 0 , 0 , neg
37 , 44 , 0 , 0 , 0 , 0 , neg
67 , 61 , 6 , 3 , 0 , 0 , neg
25 , 23 , 3 , 2 , 5 , 0 , neg
30 , 25 , 2 , 0 , 0 , 0 , neg
85 , 81 , 0 , 2 , 6 , 0 , neg
37 , 42 , 1 , 1 , 1 , 0 , neg
19 , 30 , 1 , 0 , 1 , 3 , neg
42 , 41 , 5 , 0 , 5 , 4 , neg
24 , 20 , 1 , 0 , 3 , 0 , neg
46 , 29 , 5 , 5 , 2 , 0 , neg
9 , 18 , 0 , 0 , 1 , 2 , neg
88 , 58 , 0 , 0 , 0 , 0 , neg
33 , 32 , 6 , 2 , 1 , 1 , neg
21 , 21 , 1 , 1 , 0 , 1 , neg
28 , 16 , 3 , 0 , 0 , 0 , neg
60 , 49 , 0 , 0 , 1 , 2 , neg
35 , 24 , 3 , 1 , 0 , 0 , neg
25 , 29 , 2 , 1 , 0 , 1 , neg
18 , 8 , 1 , 0 , 0 , 1 , neg
50 , 33 , 0 , 1 , 0 , 1 , neg
26 , 18 , 1 , 4 , 2 , 1 , neg
20 , 16 , 0 , 0 , 1 , 1 , neg
38 , 43 , 1 , 5 , 0 , 0 , neg
33 , 21 , 0 , 0 , 1 , 0 , neg
76 , 45 , 2 , 1 , 1 , 3 , neg
16 , 26 , 3 , 5 , 0 , 0 , neg
70 , 53 , 6 , 0 , 3 , 2 , neg
35 , 31 , 2 , 4 , 0 , 0 , neg
50 , 30 , 1 , 0 , 0 , 1 , neg
39 , 31 , 1 , 3 , 2 , 1 , neg
45 , 41 , 3 , 2 , 5 , 0 , neg
40 , 32 , 4 , 1 , 1 , 1 , neg
13 , 25 , 0 , 0 , 0 , 2 , neg
20 , 24 , 2 , 4 , 4 , 2 , neg
22 , 31 , 2 , 1 , 4 , 6 , neg
63 , 56 , 3 , 0 , 7 , 6 , neg
14 , 16 , 0 , 0 , 0 , 0 , neg
14 , 9 , 0 , 0 , 2 , 0 , neg
68 , 50 , 4 , 2 , 0 , 0 , neg
40 , 19 , 0 , 1 , 0 , 0 , neg
41 , 47 , 0 , 0 , 1 , 2 , neg
40 , 36 , 3 , 2 , 3 , 0 , neg
65 , 67 , 3 , 0 , 0 , 3 , neg
46 , 51 , 0 , 0 , 0 , 0 , neg
72 , 56 , 4 , 3 , 3 , 0 , neg
50 , 64 , 0 , 0 , 1 , 0 , neg
23 , 16 , 0 , 0 , 2 , 0 , neg
28 , 24 , 5 , 12 , 0 , 0 , neg
45 , 67 , 0 , 3 , 3 , 0 , neg
51 , 36 , 2 , 1 , 7 , 2 , neg
40 , 35 , 0 , 2 , 1 , 1 , neg
36 , 31 , 0 , 2 , 3 , 0 , neg
30 , 44 , 2 , 3 , 0 , 0 , neg
30 , 22 , 2 , 1 , 1 , 0 , neg
31 , 37 , 1 , 2 , 2 , 2 , neg
35 , 21 , 0 , 0 , 7 , 7 , neg
40 , 31 , 3 , 2 , 3 , 0 , neg
18 , 23 , 0 , 4 , 4 , 2 , neg
45 , 57 , 0 , 2 , 2 , 1 , neg
24 , 30 , 0 , 1 , 0 , 0 , neg
34 , 16 , 1 , 1 , 0 , 1 , neg
25 , 23 , 1 , 6 , 4 , 0 , neg
24 , 40 , 4 , 1 , 6 , 1 , neg
23 , 21 , 0 , 3 , 0 , 2 , neg
16 , 44 , 0 , 4 , 0 , 7 , neg
56 , 40 , 2 , 0 , 2 , 2 , neg
51 , 54 , 0 , 1 , 0 , 1 , neg
51 , 26 , 0 , 0 , 0 , 0 , neg
21 , 30 , 2 , 1 , 2 , 5 , neg
15 , 25 , 0 , 0 , 0 , 0 , neg
60 , 57 , 7 , 1 , 0 , 1 , neg
27 , 16 , 0 , 0 , 5 , 1 , neg
26 , 26 , 2 , 3 , 1 , 3 , neg
28 , 20 , 0 , 0 , 0 , 0 , neg
37 , 27 , 3 , 0 , 0 , 0 , neg
13 , 7 , 2 , 0 , 1 , 1 , neg
63 , 50 , 3 , 1 , 4 , 1 , neg
16 , 13 , 0 , 0 , 5 , 0 , neg
19 , 34 , 0 , 1 , 0 , 0 , neg
32 , 42 , 0 , 1 , 0 , 1 , neg
46 , 26 , 0 , 0 , 0 , 2 , neg
12 , 3 , 2 , 1 , 0 , 0 , neg
23 , 25 , 1 , 0 , 0 , 0 , neg
31 , 37 , 1 , 1 , 1 , 1 , neg
30 , 45 , 3 , 1 , 0 , 0 , neg
28 , 17 , 1 , 1 , 0 , 0 , neg
36 , 33 , 2 , 0 , 0 , 0 , neg
34 , 28 , 0 , 0 , 0 , 1 , neg
21 , 31 , 0 , 1 , 2 , 0 , neg
40 , 37 , 3 , 3 , 0 , 3 , neg
46 , 29 , 0 , 2 , 1 , 0 , neg
67 , 47 , 0 , 5 , 3 , 0 , neg
32 , 46 , 1 , 0 , 3 , 0 , neg
27 , 32 , 0 , 2 , 0 , 0 , neg
37 , 38 , 5 , 3 , 1 , 0 , neg
31 , 41 , 3 , 0 , 0 , 1 , neg
59 , 47 , 0 , 0 , 3 , 1 , neg
18 , 28 , 0 , 2 , 2 , 0 , neg
23 , 16 , 1 , 0 , 3 , 1 , neg
31 , 31 , 3 , 1 , 1 , 0 , neg
18 , 30 , 0 , 0 , 0 , 5 , neg
8 , 26 , 0 , 0 , 1 , 1 , neg
36 , 31 , 1 , 1 , 0 , 0 , neg
38 , 29 , 0 , 0 , 0 , 0 , neg
64 , 51 , 2 , 3 , 0 , 0 , neg
15 , 7 , 4 , 0 , 0 , 0 , neg
46 , 46 , 0 , 1 , 7 , 1 , neg
16 , 28 , 4 , 2 , 0 , 4 , neg
31 , 36 , 0 , 0 , 3 , 0 , neg
13 , 14 , 3 , 2 , 0 , 0 , neg
29 , 20 , 2 , 1 , 0 , 2 , neg
44 , 61 , 1 , 3 , 2 , 5 , neg
48 , 56 , 5 , 0 , 1 , 0 , neg
39 , 47 , 1 , 0 , 6 , 1 , neg
52 , 44 , 2 , 0 , 0 , 1 , neg
22 , 22 , 0 , 2 , 4 , 1 , neg
23 , 35 , 0 , 3 , 0 , 2 , neg
27 , 47 , 0 , 2 , 0 , 0 , neg
37 , 17 , 2 , 1 , 5 , 1 , neg
27 , 25 , 5 , 2 , 0 , 2 , neg
28 , 20 , 0 , 4 , 0 , 0 , neg
32 , 52 , 3 , 1 , 0 , 2 , neg
16 , 15 , 4 , 2 , 2 , 0 , neg
66 , 45 , 1 , 1 , 3 , 1 , neg
30 , 32 , 0 , 0 , 1 , 0 , neg
27 , 31 , 5 , 3 , 0 , 0 , neg
30 , 28 , 4 , 4 , 1 , 0 , neg
56 , 42 , 2 , 0 , 0 , 0 , neg
24 , 21 , 0 , 2 , 0 , 0 , neg
44 , 36 , 3 , 1 , 5 , 6 , neg
30 , 41 , 1 , 0 , 0 , 1 , neg
53 , 50 , 2 , 1 , 2 , 3 , neg
40 , 38 , 1 , 1 , 0 , 0 , neg
38 , 29 , 2 , 1 , 6 , 0 , neg
55 , 39 , 3 , 0 , 0 , 0 , neg
61 , 53 , 3 , 1 , 2 , 0 , neg
47 , 30 , 3 , 0 , 1 , 2 , neg
23 , 19 , 1 , 0 , 0 , 0 , neg
40 , 27 , 3 , 1 , 2 , 0 , neg
30 , 28 , 0 , 1 , 0 , 0 , neg
42 , 35 , 1 , 1 , 4 , 0 , neg
51 , 39 , 2 , 2 , 2 , 0 , neg
32 , 20 , 0 , 0 , 1 , 0 , neg
14 , 16 , 2 , 0 , 3 , 4 , neg
30 , 28 , 0 , 2 , 3 , 1 , neg
37 , 53 , 2 , 2 , 0 , 0 , neg
28 , 9 , 3 , 1 , 0 , 0 , neg
39 , 40 , 1 , 0 , 0 , 0 , neg
51 , 48 , 0 , 3 , 0 , 1 , neg
44 , 39 , 0 , 2 , 1 , 0 , neg
50 , 30 , 3 , 1 , 0 , 0 , neg
11 , 15 , 2 , 2 , 0 , 0 , neg
12 , 25 , 2 , 6 , 1 , 4 , neg
30 , 21 , 0 , 2 , 1 , 0 , neg
67 , 38 , 2 , 2 , 5 , 4 , neg
42 , 42 , 3 , 0 , 1 , 0 , neg
55 , 50 , 4 , 5 , 0 , 2 , neg
38 , 35 , 1 , 0 , 6 , 0 , neg
35 , 34 , 4 , 2 , 1 , 0 , neg
60 , 52 , 1 , 4 , 6 , 6 , neg
56 , 51 , 2 , 0 , 5 , 0 , neg
39 , 47 , 0 , 5 , 0 , 0 , neg
29 , 18 , 2 , 2 , 1 , 0 , neg
47 , 55 , 0 , 3 , 5 , 1 , neg
36 , 32 , 3 , 0 , 1 , 1 , neg
50 , 65 , 3 , 5 , 0 , 0 , neg
17 , 12 , 0 , 1 , 3 , 0 , neg
62 , 52 , 1 , 2 , 2 , 0 , neg
50 , 38 , 8 , 1 , 0 , 4 , neg
47 , 55 , 5 , 2 , 0 , 0 , neg
35 , 40 , 0 , 1 , 0 , 0 , neg
23 , 36 , 0 , 1 , 1 , 4 , neg
26 , 18 , 1 , 1 , 7 , 1 , neg
52 , 54 , 5 , 9 , 0 , 1 , neg
15 , 14 , 0 , 0 , 0 , 0 , neg
34 , 26 , 3 , 0 , 3 , 0 , neg
56 , 56 , 1 , 0 , 3 , 1 , neg
41 , 48 , 4 , 3 , 1 , 2 , neg
58 , 50 , 3 , 1 , 6 , 3 , neg
37 , 20 , 1 , 0 , 3 , 1 , neg
35 , 28 , 0 , 0 , 0 , 0 , neg
27 , 26 , 0 , 1 , 3 , 2 , neg
29 , 26 , 1 , 1 , 0 , 2 , neg
43 , 27 , 6 , 5 , 6 , 3 , neg
30 , 26 , 0 , 1 , 2 , 2 , neg
76 , 72 , 4 , 1 , 4 , 2 , neg
14 , 8 , 1 , 0 , 1 , 2 , neg
42 , 31 , 5 , 6 , 0 , 1 , neg
37 , 26 , 6 , 1 , 4 , 0 , neg
22 , 19 , 0 , 0 , 5 , 0 , neg
30 , 23 , 0 , 3 , 0 , 1 , neg
38 , 27 , 1 , 0 , 2 , 1 , neg
25 , 26 , 0 , 4 , 1 , 1 , neg
18 , 14 , 2 , 2 , 3 , 0 , neg
25 , 18 , 0 , 2 , 0 , 1 , neg
20 , 14 , 3 , 0 , 3 , 1 , neg
40 , 43 , 0 , 2 , 0 , 0 , neg
34 , 41 , 5 , 0 , 3 , 2 , neg
19 , 15 , 2 , 1 , 0 , 3 , neg
52 , 56 , 2 , 2 , 0 , 3 , neg
31 , 40 , 0 , 0 , 0 , 0 , neg
33 , 19 , 0 , 0 , 2 , 0 , neg
26 , 31 , 3 , 0 , 4 , 3 , neg
42 , 42 , 1 , 3 , 5 , 0 , neg
45 , 47 , 3 , 1 , 0 , 1 , neg
40 , 17 , 0 , 0 , 4 , 0 , neg
56 , 50 , 3 , 1 , 6 , 3 , neg
50 , 26 , 0 , 0 , 4 , 0 , neg
22 , 36 , 0 , 0 , 1 , 4 , neg
7 , 11 , 1 , 0 , 0 , 0 , neg
60 , 46 , 5 , 2 , 1 , 1 , neg
57 , 42 , 2 , 0 , 0 , 1 , neg
50 , 52 , 0 , 0 , 4 , 0 , neg
29 , 26 , 1 , 2 , 0 , 0 , neg
23 , 24 , 6 , 1 , 3 , 2 , neg
40 , 31 , 4 , 1 , 2 , 1 , neg
35 , 35 , 0 , 0 , 0 , 8 , neg
22 , 34 , 2 , 1 , 4 , 0 , neg
49 , 30 , 4 , 3 , 3 , 5 , neg
65 , 60 , 2 , 2 , 1 , 1 , neg
50 , 52 , 2 , 1 , 2 , 0 , neg
22 , 31 , 4 , 1 , 1 , 0 , neg
38 , 39 , 1 , 2 , 4 , 0 , neg
24 , 33 , 1 , 0 , 3 , 0 , neg
30 , 21 , 2 , 1 , 0 , 0 , neg
41 , 41 , 2 , 7 , 1 , 1 , neg
35 , 34 , 4 , 2 , 2 , 3 , neg
52 , 27 , 4 , 3 , 2 , 2 , neg
35 , 29 , 7 , 0 , 3 , 7 , neg
37 , 31 , 1 , 2 , 3 , 2 , neg
10 , 16 , 0 , 2 , 2 , 4 , neg
54 , 36 , 3 , 2 , 3 , 4 , neg
23 , 17 , 3 , 0 , 5 , 1 , neg
15 , 5 , 0 , 1 , 4 , 0 , neg
32 , 29 , 1 , 2 , 1 , 1 , neg
43 , 32 , 0 , 2 , 6 , 0 , neg
31 , 20 , 0 , 0 , 2 , 2 , neg
49 , 43 , 8 , 0 , 4 , 1 , neg
51 , 42 , 5 , 1 , 5 , 0 , neg
36 , 39 , 1 , 4 , 2 , 0 , neg
44 , 40 , 1 , 1 , 1 , 2 , neg
18 , 30 , 1 , 5 , 0 , 0 , neg
45 , 33 , 2 , 0 , 2 , 0 , neg
30 , 18 , 0 , 0 , 2 , 0 , neg
11 , 16 , 0 , 0 , 0 , 0 , neg
49 , 41 , 0 , 0 , 3 , 0 , neg
30 , 25 , 1 , 0 , 0 , 1 , neg
12 , 8 , 3 , 2 , 0 , 0 , neg
17 , 25 , 0 , 0 , 2 , 0 , neg
47 , 23 , 3 , 0 , 0 , 0 , neg
33 , 32 , 5 , 1 , 1 , 2 , neg
17 , 17 , 4 , 0 , 0 , 3 , neg
42 , 42 , 1 , 0 , 2 , 0 , neg
62 , 53 , 3 , 0 , 1 , 0 , neg
23 , 23 , 0 , 1 , 0 , 0 , neg
33 , 32 , 2 , 0 , 1 , 0 , neg
26 , 22 , 0 , 0 , 0 , 0 , neg
36 , 51 , 0 , 3 , 0 , 0 , neg
19 , 11 , 3 , 0 , 0 , 0 , neg
13 , 17 , 1 , 0 , 1 , 2 , neg
69 , 74 , 2 , 0 , 4 , 5 , neg
13 , 19 , 2 , 0 , 0 , 0 , neg
55 , 53 , 0 , 2 , 3 , 4 , neg
42 , 44 , 2 , 0 , 0 , 0 , neg
29 , 33 , 0 , 3 , 2 , 3 , neg
39 , 44 , 0 , 0 , 0 , 0 , neg
24 , 22 , 1 , 0 , 0 , 0 , neg
16 , 14 , 0 , 0 , 0 , 1 , neg
57 , 58 , 2 , 1 , 4 , 7 , neg
47 , 42 , 4 , 0 , 0 , 3 , neg
26 , 32 , 3 , 1 , 2 , 2 , neg
45 , 61 , 2 , 0 , 1 , 0 , neg
42 , 48 , 0 , 2 , 0 , 0 , neg
54 , 43 , 2 , 1 , 0 , 1 , neg
26 , 19 , 0 , 1 , 0 , 0 , neg
22 , 17 , 5 , 0 , 3 , 3 , neg
31 , 15 , 0 , 1 , 0 , 0 , neg
40 , 43 , 1 , 5 , 1 , 0 , neg
31 , 30 , 1 , 0 , 2 , 0 , neg
27 , 30 , 2 , 5 , 0 , 0 , neg
40 , 43 , 2 , 2 , 4 , 2 , neg
2 , 12 , 0 , 2 , 0 , 0 , neg
51 , 44 , 1 , 0 , 0 , 0 , neg
33 , 30 , 3 , 1 , 0 , 2 , neg
30 , 24 , 1 , 0 , 0 , 0 , neg
48 , 59 , 2 , 3 , 3 , 1 , neg
20 , 25 , 0 , 0 , 0 , 0 , neg
47 , 31 , 5 , 2 , 1 , 0 , neg
31 , 42 , 6 , 8 , 0 , 0 , neg
25 , 22 , 4 , 0 , 0 , 0 , neg
39 , 26 , 0 , 1 , 2 , 1 , neg
21 , 21 , 1 , 1 , 0 , 0 , neg
20 , 22 , 0 , 1 , 0 , 0 , neg
29 , 32 , 1 , 4 , 0 , 2 , neg
35 , 25 , 1 , 0 , 0 , 0 , neg
54 , 33 , 1 , 1 , 1 , 0 , neg
49 , 64 , 1 , 5 , 0 , 0 , neg
24 , 28 , 0 , 1 , 0 , 3 , neg
36 , 34 , 3 , 0 , 0 , 0 , neg
31 , 36 , 1 , 2 , 4 , 1 , neg
15 , 15 , 2 , 1 , 8 , 1 , neg
39 , 24 , 0 , 0 , 2 , 2 , neg
26 , 18 , 1 , 1 , 3 , 0 , neg
29 , 28 , 0 , 1 , 0 , 0 , neg
36 , 21 , 1 , 1 , 1 , 1 , neg
48 , 60 , 2 , 2 , 3 , 4 , neg
73 , 49 , 5 , 1 , 0 , 0 , neg
45 , 67 , 0 , 0 , 2 , 2 , neg
13 , 28 , 2 , 1 , 0 , 2 , neg
37 , 25 , 0 , 2 , 1 , 0 , neg
55 , 38 , 0 , 0 , 3 , 3 , neg
26 , 39 , 4 , 0 , 0 , 0 , neg
26 , 22 , 1 , 0 , 1 , 4 , neg
26 , 25 , 3 , 5 , 0 , 0 , neg
16 , 19 , 0 , 2 , 0 , 0 , neg
32 , 28 , 1 , 1 , 2 , 2 , neg
65 , 75 , 4 , 0 , 1 , 0 , neg
37 , 33 , 1 , 0 , 0 , 0 , neg
42 , 34 , 0 , 3 , 4 , 2 , neg
66 , 55 , 0 , 0 , 3 , 0 , neg
36 , 50 , 2 , 2 , 0 , 2 , neg
40 , 30 , 9 , 1 , 0 , 2 , neg
45 , 42 , 0 , 9 , 7 , 1 , neg
40 , 29 , 0 , 1 , 2 , 0 , neg
38 , 27 , 0 , 2 , 1 , 3 , neg
39 , 41 , 2 , 2 , 0 , 2 , neg
33 , 18 , 0 , 0 , 2 , 1 , neg
62 , 44 , 1 , 0 , 1 , 0 , neg
48 , 54 , 0 , 0 , 3 , 0 , neg
41 , 63 , 2 , 0 , 0 , 3 , neg
38 , 40 , 2 , 8 , 0 , 1 , neg
52 , 53 , 0 , 1 , 4 , 0 , neg
61 , 77 , 1 , 1 , 0 , 1 , neg
27 , 39 , 0 , 5 , 3 , 0 , neg
39 , 28 , 1 , 0 , 1 , 2 , neg
17 , 12 , 0 , 0 , 4 , 1 , neg
44 , 43 , 5 , 4 , 0 , 0 , neg
44 , 55 , 0 , 2 , 1 , 1 , neg
46 , 53 , 4 , 1 , 0 , 0 , neg
7 , 6 , 3 , 0 , 0 , 0 , neg
39 , 38 , 2 , 1 , 1 , 3 , neg
43 , 49 , 0 , 2 , 0 , 0 , neg
28 , 45 , 0 , 1 , 0 , 0 , neg
19 , 21 , 0 , 4 , 1 , 1 , neg
11 , 14 , 0 , 1 , 0 , 0 , neg
71 , 44 , 4 , 2 , 0 , 2 , neg
46 , 44 , 2 , 0 , 0 , 2 , neg
47 , 38 , 0 , 4 , 0 , 0 , neg
10 , 28 , 0 , 0 , 0 , 1 , neg
34 , 25 , 4 , 1 , 2 , 2 , neg
16 , 17 , 0 , 1 , 0 , 0 , neg
20 , 27 , 6 , 7 , 0 , 1 , neg
24 , 12 , 0 , 1 , 1 , 0 , neg
32 , 18 , 2 , 0 , 0 , 0 , neg
13 , 18 , 0 , 1 , 4 , 0 , neg
40 , 50 , 2 , 1 , 0 , 2 , neg
30 , 17 , 9 , 8 , 1 , 1 , neg
39 , 32 , 1 , 1 , 0 , 0 , neg
48 , 65 , 3 , 0 , 2 , 4 , neg
30 , 25 , 0 , 1 , 7 , 0 , neg
32 , 31 , 1 , 0 , 0 , 1 , neg
38 , 41 , 2 , 0 , 5 , 3 , neg
45 , 37 , 5 , 3 , 0 , 0 , neg
56 , 45 , 0 , 0 , 4 , 2 , neg
18 , 25 , 1 , 0 , 0 , 0 , neg
25 , 24 , 3 , 0 , 3 , 0 , neg
45 , 47 , 0 , 1 , 0 , 4 , neg
24 , 18 , 0 , 0 , 2 , 1 , neg
61 , 47 , 1 , 0 , 4 , 2 , neg
38 , 44 , 0 , 0 , 0 , 2 , neg
29 , 15 , 0 , 0 , 5 , 1 , neg
30 , 37 , 0 , 0 , 0 , 0 , neg
32 , 23 , 2 , 0 , 1 , 1 , neg
45 , 44 , 1 , 0 , 4 , 0 , neg
45 , 25 , 0 , 2 , 0 , 0 , neg
32 , 32 , 0 , 2 , 3 , 0 , neg
43 , 38 , 2 , 1 , 0 , 2 , neg
40 , 32 , 0 , 0 , 0 , 0 , neg
23 , 33 , 1 , 0 , 6 , 1 , neg
41 , 44 , 1 , 1 , 0 , 0 , neg
32 , 30 , 1 , 0 , 0 , 0 , neg
15 , 19 , 2 , 0 , 0 , 0 , neg
48 , 51 , 3 , 2 , 0 , 0 , neg
41 , 49 , 1 , 1 , 0 , 2 , neg
49 , 38 , 2 , 0 , 2 , 4 , neg
26 , 19 , 0 , 0 , 1 , 1 , neg
35 , 28 , 7 , 0 , 2 , 0 , neg
30 , 21 , 5 , 0 , 2 , 2 , neg
66 , 56 , 1 , 1 , 0 , 0 , neg
80 , 91 , 3 , 11 , 3 , 2 , neg
44 , 51 , 0 , 0 , 1 , 1 , neg
39 , 25 , 4 , 2 , 2 , 0 , neg
36 , 34 , 2 , 0 , 2 , 0 , neg
50 , 39 , 0 , 0 , 0 , 0 , neg
37 , 33 , 2 , 2 , 5 , 0 , neg
32 , 47 , 0 , 2 , 3 , 0 , neg
41 , 22 , 1 , 0 , 3 , 0 , neg
25 , 17 , 0 , 0 , 1 , 0 , neg
47 , 34 , 1 , 0 , 1 , 0 , neg
17 , 24 , 1 , 0 , 4 , 1 , neg
32 , 29 , 0 , 0 , 3 , 0 , neg
28 , 32 , 4 , 0 , 4 , 2 , neg
18 , 22 , 1 , 0 , 0 , 0 , neg
54 , 32 , 3 , 1 , 0 , 0 , neg
43 , 20 , 1 , 0 , 1 , 0 , neg
50 , 49 , 0 , 2 , 2 , 3 , neg
38 , 36 , 4 , 2 , 2 , 0 , neg
34 , 16 , 0 , 3 , 0 , 0 , neg
29 , 26 , 0 , 0 , 4 , 0 , neg
41 , 40 , 2 , 0 , 4 , 0 , neg
1 , 3 , 1 , 3 , 1 , 3 , neg
36 , 41 , 0 , 1 , 1 , 1 , neg
15 , 16 , 0 , 0 , 4 , 5 , neg
35 , 17 , 2 , 0 , 0 , 1 , neg
30 , 21 , 2 , 0 , 1 , 0 , neg
56 , 43 , 0 , 0 , 1 , 2 , neg
47 , 47 , 0 , 0 , 0 , 1 , neg
24 , 34 , 0 , 2 , 1 , 2 , neg
48 , 48 , 1 , 3 , 6 , 2 , neg
11 , 14 , 0 , 0 , 1 , 1 , neg
43 , 39 , 0 , 4 , 4 , 2 , neg
45 , 41 , 0 , 0 , 0 , 0 , neg
36 , 20 , 3 , 2 , 0 , 0 , neg
15 , 12 , 2 , 2 , 0 , 0 , neg
33 , 27 , 0 , 0 , 1 , 1 , neg
26 , 30 , 1 , 1 , 3 , 3 , neg
18 , 23 , 2 , 1 , 0 , 0 , neg
21 , 16 , 2 , 0 , 1 , 4 , neg
58 , 52 , 0 , 1 , 0 , 1 , neg
23 , 41 , 0 , 0 , 0 , 2 , neg
63 , 73 , 0 , 0 , 2 , 0 , neg
40 , 34 , 2 , 1 , 0 , 0 , neg
33 , 20 , 0 , 0 , 1 , 1 , neg
44 , 65 , 2 , 2 , 1 , 0 , neg
44 , 32 , 1 , 3 , 1 , 3 , neg
41 , 31 , 0 , 1 , 0 , 0 , neg
19 , 13 , 2 , 0 , 0 , 2 , neg
44 , 58 , 0 , 0 , 0 , 4 , neg
31 , 22 , 2 , 1 , 4 , 0 , neg
34 , 29 , 1 , 1 , 2 , 1 , neg
33 , 38 , 0 , 3 , 0 , 0 , neg
26 , 30 , 1 , 0 , 6 , 0 , neg
33 , 16 , 1 , 0 , 4 , 2 , neg
53 , 55 , 2 , 1 , 0 , 0 , neg
58 , 28 , 0 , 0 , 0 , 1 , neg
21 , 31 , 3 , 0 , 0 , 3 , neg
39 , 45 , 0 , 0 , 0 , 1 , neg
21 , 15 , 0 , 0 , 1 , 1 , neg
43 , 52 , 3 , 1 , 3 , 3 , neg
31 , 33 , 2 , 1 , 3 , 5 , neg
31 , 27 , 3 , 6 , 3 , 0 , neg
26 , 32 , 0 , 7 , 1 , 0 , neg
42 , 55 , 3 , 1 , 1 , 0 , neg
37 , 31 , 2 , 0 , 3 , 2 , neg
36 , 31 , 0 , 2 , 0 , 1 , neg
55 , 32 , 0 , 2 , 0 , 0 , neg
34 , 49 , 0 , 0 , 0 , 2 , neg
52 , 32 , 0 , 1 , 6 , 0 , neg
38 , 52 , 4 , 0 , 0 , 2 , neg
17 , 16 , 2 , 1 , 3 , 2 , neg
40 , 25 , 7 , 8 , 1 , 0 , neg
35 , 58 , 1 , 1 , 0 , 2 , neg
37 , 25 , 3 , 1 , 3 , 0 , neg
20 , 38 , 3 , 3 , 0 , 1 , neg
46 , 38 , 2 , 0 , 3 , 1 , neg
30 , 31 , 2 , 2 , 0 , 2 , neg
47 , 35 , 1 , 0 , 2 , 0 , neg
19 , 10 , 0 , 1 , 1 , 2 , neg
45 , 41 , 5 , 0 , 3 , 0 , neg
40 , 20 , 3 , 0 , 1 , 0 , neg
27 , 33 , 0 , 0 , 4 , 1 , neg
43 , 43 , 1 , 0 , 0 , 4 , neg
54 , 36 , 0 , 3 , 5 , 0 , neg
38 , 55 , 0 , 2 , 0 , 0 , neg
31 , 28 , 1 , 2 , 1 , 2 , neg
52 , 34 , 0 , 2 , 2 , 2 , neg
34 , 48 , 1 , 0 , 1 , 0 , neg
25 , 13 , 5 , 1 , 2 , 3 , neg
64 , 46 , 1 , 3 , 0 , 0 , neg
32 , 38 , 3 , 5 , 0 , 0 , neg
41 , 34 , 1 , 0 , 3 , 3 , neg
24 , 17 , 0 , 2 , 2 , 0 , neg
13 , 12 , 2 , 4 , 1 , 0 , neg
30 , 40 , 0 , 2 , 4 , 1 , neg
36 , 26 , 1 , 2 , 1 , 5 , neg
40 , 41 , 2 , 0 , 1 , 1 , neg
15 , 25 , 1 , 5 , 2 , 3 , neg
27 , 21 , 2 , 1 , 1 , 1 , neg
15 , 19 , 2 , 0 , 3 , 1 , neg
40 , 22 , 2 , 2 , 1 , 1 , neg
42 , 63 , 0 , 2 , 1 , 2 , neg
48 , 46 , 0 , 1 , 4 , 0 , neg
37 , 23 , 1 , 2 , 1 , 3 , neg
21 , 33 , 0 , 0 , 0 , 1 , neg
42 , 36 , 2 , 0 , 0 , 0 , neg
31 , 18 , 0 , 2 , 0 , 0 , neg
71 , 54 , 2 , 2 , 3 , 1 , neg
25 , 32 , 4 , 3 , 4 , 3 , neg
54 , 27 , 2 , 1 , 4 , 0 , neg
36 , 42 , 1 , 2 , 0 , 0 , neg
24 , 18 , 1 , 0 , 3 , 2 , neg
73 , 81 , 10 , 9 , 1 , 0 , neg
24 , 26 , 1 , 1 , 2 , 2 , neg
32 , 31 , 3 , 1 , 0 , 0 , neg
14 , 11 , 2 , 3 , 0 , 0 , neg
37 , 30 , 10 , 6 , 6 , 0 , neg
28 , 16 , 0 , 0 , 0 , 0 , neg
20 , 18 , 2 , 0 , 0 , 2 , neg
38 , 13 , 2 , 2 , 4 , 1 , neg
20 , 14 , 0 , 0 , 1 , 0 , neg
30 , 20 , 3 , 2 , 6 , 2 , neg
38 , 31 , 0 , 3 , 6 , 0 , neg
35 , 43 , 0 , 3 , 0 , 0 , neg
45 , 56 , 0 , 0 , 3 , 3 , neg
55 , 48 , 2 , 1 , 0 , 3 , neg
22 , 28 , 1 , 1 , 3 , 1 , neg
20 , 31 , 0 , 1 , 1 , 1 , neg
29 , 21 , 1 , 0 , 3 , 0 , neg
55 , 56 , 1 , 1 , 0 , 0 , neg
34 , 36 , 0 , 0 , 2 , 0 , neg
12 , 27 , 0 , 0 , 6 , 3 , neg
40 , 26 , 2 , 0 , 2 , 1 , neg
42 , 31 , 0 , 2 , 1 , 0 , neg
34 , 61 , 0 , 0 , 3 , 0 , neg
37 , 30 , 0 , 0 , 3 , 0 , neg
49 , 57 , 3 , 3 , 1 , 2 , neg
44 , 47 , 0 , 0 , 3 , 1 , neg
80 , 96 , 1 , 2 , 2 , 2 , neg
32 , 27 , 0 , 0 , 5 , 3 , neg
33 , 43 , 0 , 2 , 2 , 0 , neg
44 , 45 , 0 , 0 , 4 , 0 , neg
17 , 17 , 0 , 1 , 1 , 2 , neg
37 , 43 , 0 , 0 , 1 , 2 , neg
22 , 25 , 0 , 4 , 1 , 4 , neg
30 , 32 , 0 , 1 , 4 , 1 , neg
23 , 28 , 2 , 1 , 1 , 0 , neg
34 , 29 , 3 , 1 , 1 , 0 , neg
31 , 29 , 1 , 0 , 1 , 0 , neg
54 , 38 , 1 , 0 , 0 , 0 , neg
42 , 48 , 0 , 1 , 0 , 2 , neg
36 , 27 , 0 , 0 , 4 , 3 , neg
48 , 54 , 12 , 0 , 1 , 0 , neg
32 , 26 , 0 , 0 , 0 , 1 , neg
40 , 48 , 1 , 0 , 3 , 2 , neg
17 , 25 , 0 , 5 , 2 , 0 , neg
48 , 47 , 0 , 0 , 3 , 0 , neg
27 , 20 , 0 , 0 , 0 , 0 , neg
38 , 27 , 6 , 0 , 0 , 2 , neg
15 , 26 , 2 , 3 , 0 , 0 , neg
57 , 26 , 0 , 0 , 5 , 0 , neg
48 , 62 , 1 , 0 , 0 , 6 , neg
42 , 32 , 0 , 3 , 2 , 1 , neg
37 , 42 , 0 , 0 , 0 , 1 , neg
36 , 32 , 1 , 2 , 9 , 3 , neg
32 , 18 , 1 , 0 , 0 , 1 , neg
26 , 26 , 2 , 2 , 0 , 0 , neg
49 , 34 , 1 , 4 , 1 , 3 , neg
46 , 42 , 0 , 0 , 2 , 1 , neg
60 , 33 , 4 , 0 , 2 , 0 , neg
42 , 23 , 0 , 2 , 1 , 1 , neg
65 , 75 , 4 , 0 , 1 , 0 , neg
27 , 32 , 2 , 1 , 1 , 0 , neg
34 , 29 , 0 , 3 , 4 , 1 , neg
54 , 50 , 1 , 2 , 2 , 0 , neg
32 , 34 , 1 , 0 , 0 , 0 , neg
26 , 33 , 0 , 1 , 0 , 0 , neg
22 , 20 , 2 , 1 , 1 , 0 , neg
35 , 34 , 0 , 2 , 0 , 1 , neg
36 , 19 , 0 , 0 , 4 , 1 , neg
28 , 17 , 1 , 0 , 0 , 1 , neg
39 , 33 , 4 , 3 , 1 , 0 , neg
23 , 12 , 0 , 1 , 1 , 0 , neg
28 , 24 , 1 , 0 , 0 , 0 , neg
45 , 36 , 3 , 1 , 0 , 2 , neg
20 , 18 , 0 , 0 , 0 , 0 , neg
18 , 9 , 6 , 3 , 2 , 1 , neg
31 , 14 , 1 , 3 , 3 , 2 , neg
46 , 34 , 2 , 0 , 1 , 6 , neg
21 , 12 , 0 , 0 , 0 , 1 , neg
42 , 37 , 1 , 3 , 2 , 4 , neg
66 , 42 , 0 , 1 , 0 , 2 , neg
51 , 34 , 0 , 0 , 0 , 0 , neg
18 , 12 , 0 , 1 , 7 , 1 , neg
30 , 18 , 0 , 1 , 0 , 0 , neg
45 , 35 , 0 , 0 , 1 , 1 , neg
32 , 36 , 0 , 0 , 1 , 0 , neg
33 , 34 , 3 , 4 , 3 , 2 , neg
49 , 45 , 2 , 0 , 1 , 0 , neg
44 , 47 , 4 , 3 , 4 , 2 , neg
41 , 17 , 0 , 0 , 3 , 0 , neg
34 , 28 , 0 , 0 , 1 , 4 , neg
38 , 26 , 3 , 0 , 1 , 1 , neg
28 , 25 , 0 , 1 , 0 , 0 , neg
27 , 38 , 3 , 1 , 1 , 0 , neg
23 , 29 , 0 , 0 , 2 , 0 , neg
36 , 38 , 0 , 1 , 0 , 0 , neg
30 , 23 , 0 , 0 , 1 , 2 , neg
48 , 32 , 2 , 1 , 0 , 0 , neg
16 , 18 , 0 , 1 , 7 , 5 , neg
27 , 43 , 0 , 0 , 1 , 4 , neg
52 , 85 , 2 , 7 , 0 , 0 , neg
45 , 24 , 3 , 0 , 1 , 1 , neg
32 , 52 , 2 , 1 , 5 , 4 , neg
38 , 27 , 5 , 0 , 2 , 1 , neg
38 , 31 , 2 , 4 , 0 , 2 , neg
41 , 32 , 0 , 1 , 3 , 3 , neg
25 , 27 , 4 , 2 , 0 , 0 , neg
32 , 34 , 0 , 1 , 2 , 3 , neg
41 , 15 , 2 , 1 , 1 , 1 , neg
28 , 36 , 0 , 1 , 0 , 1 , neg
37 , 38 , 2 , 0 , 0 , 0 , neg
19 , 27 , 0 , 3 , 3 , 1 , neg
12 , 25 , 0 , 2 , 2 , 0 , neg
48 , 51 , 1 , 0 , 3 , 1 , neg
30 , 27 , 5 , 0 , 1 , 0 , neg
39 , 30 , 1 , 1 , 0 , 0 , neg
28 , 24 , 3 , 3 , 0 , 0 , neg
69 , 54 , 5 , 1 , 2 , 1 , neg
56 , 66 , 1 , 0 , 0 , 1 , neg
41 , 24 , 7 , 2 , 0 , 4 , neg
16 , 36 , 3 , 2 , 1 , 2 , neg
27 , 17 , 1 , 2 , 6 , 0 , neg
43 , 43 , 0 , 3 , 1 , 2 , neg
42 , 43 , 2 , 0 , 0 , 0 , neg
24 , 23 , 2 , 0 , 0 , 1 , neg
32 , 36 , 4 , 2 , 1 , 0 , neg
29 , 33 , 3 , 1 , 0 , 0 , neg
51 , 45 , 2 , 3 , 3 , 0 , neg
34 , 26 , 1 , 1 , 0 , 3 , neg
42 , 30 , 0 , 0 , 2 , 2 , neg
28 , 31 , 3 , 3 , 1 , 3 , neg
35 , 14 , 0 , 2 , 0 , 0 , neg
20 , 25 , 1 , 0 , 2 , 1 , neg
42 , 35 , 1 , 3 , 4 , 0 , neg
51 , 30 , 0 , 1 , 0 , 1 , neg
27 , 18 , 0 , 1 , 0 , 0 , neg
45 , 39 , 1 , 0 , 2 , 0 , neg
27 , 32 , 3 , 1 , 3 , 1 , neg
50 , 29 , 2 , 1 , 1 , 0 , neg
60 , 22 , 1 , 1 , 1 , 0 , neg
57 , 58 , 1 , 3 , 0 , 3 , neg
23 , 17 , 3 , 4 , 1 , 0 , neg
39 , 29 , 3 , 0 , 4 , 1 , neg
27 , 27 , 2 , 2 , 1 , 0 , neg
24 , 27 , 0 , 0 , 4 , 1 , neg
56 , 38 , 7 , 1 , 3 , 2 , neg
47 , 31 , 0 , 0 , 4 , 2 , neg
27 , 23 , 0 , 1 , 3 , 1 , neg
29 , 46 , 0 , 1 , 0 , 0 , neg
50 , 40 , 2 , 0 , 1 , 0 , neg
102 , 77 , 0 , 0 , 0 , 3 , neg
30 , 28 , 1 , 2 , 1 , 3 , neg
35 , 35 , 2 , 3 , 0 , 1 , neg
25 , 65 , 1 , 5 , 3 , 5 , neg
30 , 22 , 0 , 2 , 1 , 3 , neg
33 , 35 , 2 , 2 , 0 , 2 , neg
19 , 38 , 3 , 6 , 0 , 0 , neg
37 , 33 , 1 , 0 , 2 , 0 , neg
21 , 37 , 1 , 4 , 0 , 1 , neg
42 , 34 , 5 , 3 , 3 , 0 , neg
45 , 43 , 0 , 5 , 7 , 0 , neg
34 , 42 , 0 , 1 , 0 , 1 , neg
33 , 40 , 1 , 2 , 0 , 3 , neg
34 , 27 , 0 , 2 , 2 , 0 , neg
51 , 33 , 0 , 2 , 5 , 0 , neg
46 , 54 , 0 , 5 , 0 , 0 , neg
51 , 34 , 0 , 2 , 2 , 1 , neg
27 , 32 , 3 , 0 , 0 , 1 , neg
21 , 18 , 2 , 0 , 1 , 2 , neg
49 , 33 , 1 , 1 , 5 , 3 , neg
50 , 76 , 0 , 0 , 0 , 0 , neg
45 , 46 , 3 , 2 , 3 , 1 , neg
38 , 52 , 0 , 1 , 7 , 0 , neg
23 , 23 , 0 , 2 , 0 , 1 , neg
49 , 67 , 0 , 1 , 0 , 2 , neg
40 , 38 , 1 , 1 , 0 , 3 , neg
44 , 52 , 0 , 0 , 1 , 0 , neg
55 , 37 , 0 , 5 , 0 , 0 , neg
38 , 31 , 2 , 5 , 0 , 2 , neg
37 , 36 , 6 , 0 , 1 , 2 , neg
48 , 36 , 3 , 5 , 1 , 1 , neg
42 , 50 , 3 , 5 , 3 , 0 , neg
47 , 36 , 8 , 3 , 3 , 7 , neg
8 , 5 , 2 , 1 , 1 , 0 , neg
30 , 25 , 4 , 0 , 2 , 0 , neg
41 , 70 , 2 , 2 , 3 , 2 , neg
20 , 27 , 0 , 0 , 1 , 0 , neg
28 , 25 , 1 , 0 , 7 , 1 , neg
52 , 45 , 1 , 0 , 1 , 2 , neg
36 , 30 , 0 , 1 , 1 , 0 , neg
23 , 22 , 3 , 4 , 3 , 0 , neg
72 , 74 , 5 , 1 , 1 , 1 , neg
53 , 45 , 1 , 4 , 0 , 1 , neg
47 , 20 , 2 , 0 , 2 , 0 , neg
34 , 45 , 1 , 3 , 2 , 0 , neg
28 , 28 , 1 , 1 , 4 , 2 , neg
28 , 28 , 2 , 6 , 0 , 0 , neg
18 , 25 , 0 , 1 , 2 , 4 , neg
13 , 21 , 0 , 2 , 1 , 3 , neg
37 , 25 , 6 , 1 , 3 , 0 , neg
41 , 23 , 1 , 0 , 0 , 0 , neg
42 , 28 , 0 , 0 , 0 , 0 , neg
38 , 32 , 4 , 4 , 3 , 3 , neg
49 , 42 , 0 , 0 , 0 , 0 , neg
35 , 23 , 0 , 1 , 1 , 1 , neg
15 , 22 , 0 , 5 , 2 , 0 , neg
18 , 38 , 2 , 0 , 1 , 7 , neg
56 , 47 , 0 , 0 , 6 , 0 , neg
20 , 31 , 0 , 3 , 3 , 0 , neg
33 , 30 , 2 , 1 , 0 , 0 , neg
33 , 22 , 2 , 2 , 3 , 1 , neg
58 , 89 , 0 , 1 , 3 , 3 , neg
30 , 10 , 2 , 0 , 5 , 1 , neg
10 , 19 , 4 , 4 , 0 , 1 , neg
26 , 34 , 1 , 0 , 1 , 0 , neg
39 , 35 , 2 , 4 , 3 , 1 , neg
27 , 29 , 2 , 3 , 0 , 1 , neg
50 , 42 , 0 , 0 , 0 , 2 , neg
18 , 12 , 3 , 1 , 1 , 0 , neg
50 , 43 , 1 , 0 , 2 , 1 , neg
34 , 34 , 1 , 1 , 0 , 0 , neg
9 , 16 , 1 , 1 , 0 , 0 , neg
69 , 33 , 3 , 0 , 2 , 0 , neg
33 , 23 , 0 , 1 , 2 , 2 , neg
55 , 54 , 0 , 4 , 6 , 4 , neg
39 , 43 , 2 , 1 , 4 , 0 , neg
36 , 27 , 0 , 0 , 0 , 0 , neg
32 , 21 , 2 , 1 , 1 , 2 , neg
18 , 30 , 0 , 3 , 0 , 0 , neg
23 , 20 , 2 , 1 , 1 , 0 , neg
55 , 44 , 0 , 0 , 7 , 3 , neg
15 , 20 , 3 , 3 , 2 , 0 , neg
17 , 13 , 0 , 0 , 0 , 2 , neg
48 , 48 , 0 , 0 , 3 , 0 , neg
9 , 17 , 3 , 5 , 0 , 2 , neg
55 , 34 , 0 , 1 , 12 , 2 , neg
51 , 41 , 2 , 3 , 3 , 2 , neg
31 , 41 , 1 , 4 , 1 , 1 , neg
57 , 47 , 1 , 2 , 1 , 2 , neg
44 , 53 , 2 , 0 , 12 , 7 , neg
25 , 33 , 3 , 2 , 1 , 0 , neg
31 , 40 , 1 , 1 , 5 , 1 , neg
55 , 43 , 0 , 0 , 0 , 2 , neg
38 , 29 , 1 , 2 , 0 , 0 , neg
19 , 37 , 0 , 3 , 0 , 0 , neg
42 , 55 , 1 , 2 , 3 , 2 , neg
65 , 46 , 6 , 0 , 0 , 0 , neg
25 , 16 , 0 , 1 , 3 , 0 , neg
32 , 51 , 0 , 0 , 0 , 0 , neg
47 , 19 , 0 , 0 , 0 , 0 , neg
43 , 27 , 0 , 0 , 0 , 1 , neg
63 , 31 , 2 , 0 , 2 , 1 , neg
31 , 37 , 2 , 2 , 1 , 0 , neg
43 , 50 , 1 , 1 , 1 , 1 , neg
27 , 42 , 1 , 0 , 3 , 1 , neg
46 , 42 , 2 , 3 , 0 , 0 , neg
31 , 36 , 0 , 2 , 6 , 0 , neg
28 , 35 , 0 , 2 , 2 , 0 , neg
25 , 18 , 3 , 2 , 0 , 1 , neg
13 , 17 , 0 , 1 , 0 , 2 , neg
26 , 37 , 3 , 0 , 0 , 0 , neg
12 , 8 , 5 , 0 , 7 , 3 , neg
52 , 43 , 1 , 5 , 3 , 3 , neg
30 , 26 , 6 , 6 , 8 , 2 , neg
36 , 45 , 0 , 5 , 0 , 1 , neg
25 , 13 , 3 , 0 , 2 , 0 , neg
50 , 28 , 3 , 2 , 9 , 1 , neg
32 , 25 , 1 , 0 , 1 , 0 , neg
31 , 42 , 1 , 2 , 6 , 1 , neg
48 , 44 , 3 , 0 , 4 , 0 , neg
28 , 38 , 1 , 0 , 0 , 0 , neg
41 , 39 , 3 , 2 , 4 , 2 , neg
19 , 24 , 3 , 0 , 3 , 3 , neg
46 , 39 , 0 , 1 , 1 , 0 , neg
23 , 21 , 1 , 2 , 3 , 1 , neg
69 , 84 , 11 , 2 , 0 , 2 , neg
53 , 51 , 1 , 3 , 3 , 0 , neg
34 , 30 , 5 , 3 , 0 , 0 , neg
38 , 51 , 0 , 2 , 1 , 1 , neg
10 , 7 , 0 , 0 , 1 , 0 , neg
45 , 44 , 4 , 10 , 0 , 0 , neg
41 , 36 , 4 , 1 , 7 , 7 , neg
30 , 44 , 0 , 7 , 6 , 0 , neg
14 , 29 , 0 , 1 , 0 , 2 , neg
32 , 12 , 7 , 2 , 0 , 0 , neg
14 , 24 , 0 , 2 , 0 , 0 , neg
42 , 32 , 1 , 0 , 1 , 1 , neg
42 , 38 , 2 , 1 , 0 , 0 , neg
26 , 28 , 6 , 2 , 4 , 3 , neg
30 , 34 , 1 , 4 , 1 , 1 , neg
38 , 34 , 2 , 0 , 2 , 4 , neg
10 , 14 , 2 , 1 , 1 , 0 , neg
51 , 33 , 2 , 0 , 2 , 3 , neg
48 , 37 , 6 , 0 , 0 , 2 , neg
39 , 37 , 1 , 1 , 2 , 2 , neg
44 , 44 , 3 , 2 , 3 , 0 , neg
55 , 41 , 2 , 0 , 1 , 0 , neg
51 , 76 , 2 , 0 , 0 , 5 , neg
37 , 37 , 0 , 0 , 3 , 0 , neg
18 , 19 , 0 , 5 , 0 , 1 , neg
38 , 33 , 3 , 0 , 0 , 0 , neg
20 , 28 , 0 , 3 , 1 , 0 , neg
22 , 36 , 2 , 0 , 1 , 1 , neg
19 , 30 , 0 , 3 , 0 , 2 , neg
27 , 43 , 2 , 4 , 3 , 2 , neg
19 , 10 , 2 , 1 , 0 , 0 , neg
33 , 42 , 0 , 1 , 2 , 0 , neg
27 , 15 , 1 , 1 , 4 , 4 , neg
16 , 17 , 2 , 0 , 6 , 1 , neg
48 , 26 , 0 , 0 , 3 , 1 , neg
42 , 41 , 0 , 1 , 2 , 2 , neg
38 , 33 , 4 , 1 , 0 , 0 , neg
59 , 36 , 0 , 0 , 4 , 1 , neg
14 , 21 , 3 , 0 , 0 , 0 , neg
38 , 33 , 1 , 3 , 1 , 0 , neg
47 , 35 , 2 , 0 , 7 , 2 , neg
37 , 50 , 0 , 0 , 1 , 0 , neg
25 , 23 , 3 , 3 , 3 , 0 , neg
26 , 29 , 2 , 5 , 1 , 0 , neg
27 , 22 , 1 , 2 , 0 , 0 , neg
35 , 25 , 2 , 1 , 0 , 1 , neg
53 , 35 , 1 , 2 , 0 , 0 , neg
27 , 41 , 0 , 0 , 0 , 1 , neg
40 , 31 , 5 , 0 , 8 , 0 , neg
21 , 17 , 1 , 0 , 0 , 0 , neg
59 , 80 , 0 , 0 , 5 , 1 , neg
20 , 19 , 0 , 2 , 1 , 1 , neg
39 , 38 , 2 , 2 , 0 , 0 , neg
41 , 18 , 4 , 4 , 1 , 3 , neg
19 , 19 , 0 , 0 , 1 , 3 , neg
71 , 58 , 2 , 2 , 6 , 1 , neg
52 , 42 , 1 , 0 , 3 , 1 , neg
42 , 47 , 2 , 5 , 3 , 3 , neg
20 , 13 , 4 , 3 , 2 , 2 , neg
22 , 32 , 0 , 2 , 1 , 3 , neg
21 , 16 , 2 , 2 , 0 , 0 , neg
29 , 25 , 0 , 0 , 0 , 2 , neg
86 , 63 , 3 , 2 , 9 , 0 , neg
38 , 32 , 0 , 2 , 4 , 1 , neg
49 , 57 , 1 , 2 , 5 , 4 , neg
41 , 20 , 5 , 2 , 2 , 1 , neg
29 , 35 , 0 , 0 , 3 , 4 , neg
34 , 35 , 0 , 3 , 0 , 0 , neg
30 , 31 , 6 , 2 , 4 , 1 , neg
7 , 7 , 0 , 0 , 0 , 0 , neg
41 , 36 , 1 , 7 , 0 , 0 , neg
37 , 30 , 2 , 0 , 1 , 3 , neg
21 , 35 , 0 , 0 , 0 , 0 , neg
29 , 35 , 0 , 2 , 1 , 2 , neg
27 , 24 , 2 , 3 , 3 , 1 , neg
45 , 34 , 1 , 2 , 4 , 6 , neg
25 , 5 , 0 , 0 , 0 , 0 , neg
29 , 24 , 4 , 5 , 0 , 0 , neg
57 , 59 , 1 , 4 , 2 , 0 , neg
52 , 49 , 5 , 1 , 1 , 1 , neg
49 , 44 , 0 , 0 , 0 , 0 , neg
48 , 44 , 0 , 1 , 0 , 1 , neg
28 , 38 , 0 , 2 , 2 , 1 , neg
39 , 30 , 0 , 2 , 0 , 0 , neg
17 , 33 , 2 , 0 , 3 , 5 , neg
70 , 57 , 1 , 1 , 5 , 1 , neg
25 , 23 , 0 , 0 , 1 , 1 , neg
26 , 38 , 1 , 3 , 0 , 0 , neg
34 , 27 , 0 , 3 , 2 , 1 , neg
31 , 23 , 0 , 1 , 2 , 1 , neg
21 , 21 , 3 , 2 , 0 , 0 , neg
37 , 20 , 0 , 0 , 0 , 0 , neg
58 , 59 , 0 , 2 , 0 , 1 , neg
29 , 11 , 0 , 0 , 0 , 0 , neg
54 , 36 , 0 , 0 , 4 , 0 , neg
47 , 42 , 4 , 4 , 0 , 0 , neg
31 , 18 , 2 , 2 , 5 , 1 , neg
70 , 36 , 2 , 1 , 0 , 2 , neg
19 , 9 , 3 , 0 , 0 , 0 , neg
70 , 60 , 4 , 3 , 0 , 0 , neg
45 , 33 , 0 , 1 , 1 , 0 , neg
54 , 37 , 0 , 0 , 3 , 0 , neg
60 , 53 , 1 , 1 , 2 , 0 , neg
21 , 24 , 5 , 2 , 0 , 1 , neg
53 , 57 , 2 , 0 , 6 , 0 , neg
28 , 22 , 3 , 2 , 2 , 4 , neg
29 , 17 , 1 , 2 , 1 , 1 , neg
54 , 38 , 1 , 3 , 1 , 0 , neg
46 , 26 , 3 , 0 , 1 , 3 , neg
43 , 45 , 3 , 0 , 0 , 0 , neg
49 , 37 , 4 , 6 , 0 , 0 , neg
24 , 26 , 0 , 0 , 0 , 1 , neg
32 , 30 , 1 , 2 , 4 , 1 , neg
29 , 28 , 3 , 1 , 1 , 0 , neg
43 , 33 , 1 , 0 , 0 , 0 , neg
26 , 31 , 4 , 3 , 2 , 3 , neg
43 , 53 , 1 , 1 , 1 , 0 , neg
48 , 37 , 0 , 0 , 0 , 0 , neg
25 , 35 , 0 , 3 , 1 , 4 , neg
16 , 19 , 0 , 0 , 3 , 0 , neg
30 , 40 , 3 , 0 , 0 , 0 , neg
67 , 46 , 0 , 1 , 0 , 0 , neg
21 , 13 , 4 , 2 , 0 , 3 , neg
36 , 43 , 4 , 2 , 4 , 1 , neg
46 , 77 , 0 , 4 , 0 , 1 , neg
66 , 49 , 1 , 3 , 0 , 4 , neg
25 , 14 , 1 , 0 , 4 , 0 , neg
32 , 29 , 1 , 1 , 4 , 1 , neg
32 , 24 , 4 , 0 , 0 , 0 , neg